2 39 22 12 21 13 22 16 24 13 26 11 25 13 26 22 16 23 12 15 26 13 22 14 22 12 24 26 16 23 13 24 15 22 14 15 25 16 22 14 26 
1 4 13 12 23 26 
1 29 11 26 14 21 15 24 16 26 22 13 23 12 23 16 24 14 15 25 12 22 13 26 12 24 16 23 15 13 24 
2 24 25 15 21 12 11 26 12 24 15 14 24 15 26 25 12 26 22 13 23 14 22 12 25 26 
1 6 14 21 13 15 26 15 
2 25 26 11 22 14 23 13 24 16 25 13 22 15 23 14 12 26 13 23 12 24 15 22 12 25 16 
1 22 13 16 23 14 21 15 26 11 25 16 23 13 26 24 12 25 14 23 13 22 14 26 
1 22 16 23 12 21 14 23 13 25 16 22 15 22 12 23 14 16 24 15 14 25 16 26 
1 20 13 14 24 15 21 11 22 12 26 16 24 15 23 13 14 25 16 24 13 26 
2 27 23 21 14 23 16 26 12 16 13 24 16 12 26 23 15 24 16 11 23 14 26 22 14 23 16 15 16 
1 18 11 25 14 26 14 21 16 24 12 22 13 23 14 26 24 15 23 16 
2 28 21 16 24 13 16 12 14 23 12 22 16 24 12 26 14 25 15 23 16 22 11 26 13 24 25 14 15 16 
1 35 14 22 15 23 16 25 13 22 14 24 14 25 15 23 12 25 15 24 11 26 12 21 14 16 23 15 16 13 25 24 25 14 22 15 16 
2 27 25 16 23 12 11 22 26 14 24 14 25 12 21 14 26 13 24 14 23 25 16 23 15 24 22 16 12 
2 38 26 12 13 24 11 25 14 23 16 26 12 21 14 23 15 24 12 25 16 14 22 13 25 15 22 16 26 13 24 14 25 15 23 26 24 12 25 26 
1 21 16 23 11 26 12 24 13 25 13 23 14 21 15 25 12 24 22 16 26 12 29 
1 14 13 14 24 15 22 16 25 15 23 14 21 13 24 12 
1 3 16 26 18 
2 8 26 13 22 14 25 15 23 19 
2 27 21 11 26 14 22 12 24 14 26 13 24 15 23 14 22 16 23 15 22 13 26 12 25 16 15 26 22 
2 0 
2 25 25 11 24 15 23 12 25 22 26 14 21 12 25 26 24 16 26 13 22 15 24 25 12 26 16 
2 23 23 26 16 23 14 21 11 25 13 23 15 25 16 23 14 12 22 14 23 16 24 12 26 
2 25 22 12 21 14 26 13 22 16 26 22 12 23 13 26 25 15 23 13 22 11 26 14 22 15 25 
2 15 21 15 25 16 24 11 23 13 26 16 25 24 14 23 14 
2 26 21 12 25 11 26 14 22 16 22 13 22 12 23 12 26 13 25 16 22 15 25 16 14 22 16 15 
2 3 26 11 27 
1 20 13 15 22 24 11 26 16 23 15 22 12 26 21 14 24 16 15 25 15 23 
2 35 23 22 13 12 21 14 22 15 24 16 22 14 25 12 26 15 24 12 22 14 11 23 16 24 12 25 14 16 13 24 14 22 15 26 16 
1 32 16 26 13 23 16 11 24 13 22 21 14 22 12 26 16 22 12 24 15 25 16 24 13 26 14 12 23 15 26 25 16 24 
1 26 15 26 12 15 22 26 21 16 23 14 25 15 11 22 13 22 15 26 16 25 14 12 23 25 16 15 
1 2 15 29 
2 34 23 26 12 13 21 11 24 14 23 13 26 24 14 25 14 22 16 24 13 25 12 22 14 26 15 26 25 16 13 23 22 14 15 16 
2 23 22 14 21 16 25 11 23 15 24 15 26 12 22 16 22 15 13 23 12 26 15 22 16 
1 3 11 25 13 
2 13 26 12 14 24 11 25 13 21 15 22 12 25 12 
2 1 29 
2 4 26 11 23 26 
1 23 12 26 14 25 13 23 25 12 21 11 26 12 24 16 23 12 24 14 22 13 25 16 26 
2 17 25 16 26 15 23 12 22 15 24 11 26 16 23 13 25 15 27 
2 37 22 11 23 13 25 14 24 12 21 16 24 14 23 13 25 12 26 15 26 24 23 14 22 16 24 13 25 15 12 22 13 26 14 16 23 12 24 
1 14 16 24 14 25 15 21 11 26 14 24 16 22 13 25 
2 2 25 17 
2 26 22 14 21 13 12 22 14 23 16 25 13 23 16 26 15 25 11 26 13 23 16 22 14 22 16 15 
1 2 11 29 
1 11 16 26 12 16 14 21 13 24 14 23 18 
2 4 25 12 15 27 
2 36 21 13 11 26 16 25 14 23 16 15 23 12 25 26 13 24 13 26 25 14 22 13 24 12 26 25 26 23 14 16 24 13 22 15 23 16 
1 25 16 22 26 13 23 12 21 14 22 16 23 11 22 15 22 16 12 23 14 26 13 25 13 26 15 
1 21 14 23 22 12 26 14 25 13 23 15 23 11 22 13 25 16 23 14 24 16 15 
2 14 24 14 22 12 23 13 21 16 22 14 23 15 23 16 
2 13 24 11 25 14 22 21 15 24 25 12 22 14 26 
2 15 23 25 13 24 15 23 11 21 14 23 13 25 15 24 16 
1 27 15 23 24 12 14 22 15 13 25 14 21 13 24 16 25 24 12 23 11 26 14 24 15 24 16 22 12 
2 1 26 
1 30 13 16 26 12 16 14 24 16 13 25 11 26 14 21 12 24 14 23 13 15 25 22 13 23 12 26 13 24 26 25 
1 14 15 25 16 21 13 15 26 11 23 16 24 12 25 26 
2 2 26 12 
2 15 23 21 13 15 23 16 24 11 23 15 13 26 13 25 18 
2 31 24 13 11 21 14 24 12 16 26 13 23 15 24 22 12 26 12 24 13 23 16 25 12 23 16 15 13 26 24 26 25 
1 17 12 21 16 26 12 23 13 23 12 25 12 22 15 25 16 26 18 
2 24 22 11 21 16 22 15 24 12 22 16 26 12 23 16 12 25 16 14 25 15 26 12 22 16 
2 8 21 14 24 12 11 26 12 24 
1 29 11 21 15 25 16 23 12 25 16 15 26 13 23 14 25 22 15 22 12 23 16 23 14 22 15 26 13 25 26 
1 7 14 22 12 23 16 26 13 
2 20 21 11 25 16 26 13 24 12 22 16 24 12 23 15 26 13 22 12 24 12 
2 10 23 21 14 25 11 22 24 14 15 25 
2 15 26 11 23 25 14 21 13 23 12 24 14 15 22 13 25 
2 2 24 17 
1 21 14 23 26 16 22 24 11 23 15 25 12 24 13 21 14 25 16 22 15 22 16 
2 32 26 16 22 25 14 24 16 12 25 14 26 12 21 15 22 16 23 13 25 11 22 15 26 12 23 13 24 14 26 25 15 22 
2 23 25 14 23 25 15 22 21 16 23 25 12 24 14 22 16 25 13 22 16 15 26 16 22 
2 2 21 19 
2 37 24 12 21 13 23 16 26 11 24 26 23 13 25 15 23 16 26 13 24 14 24 15 23 12 22 14 26 13 25 16 23 12 24 14 25 13 26 
1 28 14 24 13 14 22 16 23 12 11 22 12 25 16 21 15 22 13 16 26 15 14 24 12 25 22 16 22 15 
1 27 16 26 12 16 15 25 12 26 24 14 23 12 26 15 24 16 21 13 24 11 25 12 23 15 16 26 24 
1 30 16 26 15 24 16 13 25 14 26 11 23 13 22 15 21 16 26 12 23 15 25 13 22 12 24 12 25 26 13 23 
2 7 21 14 25 16 26 15 28 
1 19 13 11 21 15 22 14 26 14 22 16 24 15 22 12 25 12 26 16 22 
2 8 23 24 15 25 12 21 11 23 
1 19 11 23 25 14 22 24 16 24 13 22 15 24 16 22 12 22 14 25 13 
1 23 15 25 13 16 23 15 22 14 25 15 26 15 23 14 24 16 26 21 13 23 15 16 12 
2 23 25 12 13 22 15 21 16 22 14 26 13 23 12 25 12 26 14 24 13 26 22 12 25 
2 29 26 15 24 11 22 23 16 22 13 23 16 14 25 15 22 16 22 12 21 13 23 25 14 26 14 24 12 26 25 
1 12 11 26 15 25 12 26 23 15 26 22 13 25 
2 23 24 15 23 26 12 15 16 23 14 24 23 15 26 13 25 14 21 13 26 23 15 24 16 
1 31 12 21 15 24 11 23 16 22 13 24 26 16 23 13 24 14 26 24 12 25 13 26 23 14 16 24 12 25 15 22 16 
1 12 15 24 11 25 14 21 16 22 13 22 12 24 
1 27 12 25 15 23 16 26 13 21 11 23 16 12 24 14 26 13 24 14 25 14 23 15 24 12 25 23 16 
2 37 21 16 24 14 22 11 26 14 24 16 25 16 14 23 15 24 16 12 25 14 24 13 24 14 26 12 23 15 25 14 22 13 23 14 24 25 16 
1 33 13 12 26 13 24 12 25 15 22 21 13 26 12 22 16 25 12 24 11 26 14 23 14 24 12 22 15 16 13 26 25 15 26 
1 32 15 26 11 23 25 14 22 13 23 16 26 15 16 13 21 14 22 15 24 12 23 13 24 16 14 16 15 25 16 26 14 22 
2 36 26 14 21 16 22 12 15 24 11 25 16 26 15 22 12 23 14 23 15 25 16 24 13 26 12 25 23 16 13 24 15 16 14 15 25 16 
2 39 22 15 24 14 21 11 24 14 23 16 24 12 23 16 13 26 13 25 13 22 12 24 15 23 16 25 14 24 23 12 24 13 22 16 14 23 15 24 16 
1 1 11 
1 1 19 
2 34 21 16 22 13 15 26 12 13 24 14 26 22 11 25 13 24 14 12 26 15 26 24 13 25 14 22 15 26 23 12 26 25 13 24 
2 10 23 25 13 26 11 21 13 23 12 22 
2 13 21 12 26 16 22 14 23 11 22 12 25 12 26 
1 23 15 22 25 13 23 16 24 15 23 13 25 12 21 15 24 13 26 16 22 15 23 12 24 
1 27 13 15 21 12 23 14 24 12 26 13 25 16 24 14 15 22 16 24 11 23 26 12 25 13 22 15 26 
1 34 11 23 24 14 26 12 21 15 26 25 16 25 14 16 13 24 12 22 14 24 15 23 16 26 12 24 15 13 22 15 25 14 12 26 
2 17 22 12 23 14 22 15 24 16 22 13 26 11 23 15 25 13 24 
2 10 21 15 25 14 26 16 23 12 25 17 
1 27 13 11 21 12 14 23 15 25 14 24 15 22 12 23 15 26 16 23 15 26 24 14 25 12 26 14 22 
1 1 19 
1 28 16 23 13 14 21 15 24 16 26 12 22 13 12 25 13 23 15 26 12 24 14 16 25 23 11 26 22 10 
1 26 15 21 14 25 12 13 22 15 26 14 13 25 15 16 26 22 11 24 14 23 13 25 12 26 12 24 
1 15 11 21 16 25 12 22 16 13 22 16 14 25 15 22 16 
1 0 
1 37 11 25 16 26 12 22 15 23 13 24 13 23 15 16 22 14 21 15 23 26 16 25 14 22 15 16 12 23 14 24 13 14 25 15 26 12 22 
2 0 
2 27 25 12 13 23 26 15 25 26 24 13 21 11 22 13 25 16 24 26 12 25 23 22 13 26 14 22 16 
2 7 24 12 25 15 23 13 22 
1 23 16 24 14 21 11 25 12 23 15 25 22 13 26 14 22 15 23 24 13 26 16 25 12 
2 11 21 16 22 12 24 15 25 14 23 14 26 
1 34 11 23 21 12 15 22 14 25 15 12 26 15 22 12 24 12 23 16 23 13 23 16 15 26 12 22 13 23 14 24 14 26 25 16 
1 7 12 25 14 26 12 21 12 
1 27 16 22 21 14 23 16 12 14 24 12 25 11 26 15 25 13 22 16 26 14 23 22 12 24 14 26 12 
1 6 15 26 11 24 16 20 
2 27 26 13 22 12 15 24 13 22 16 26 11 25 14 22 13 26 12 25 16 15 24 23 16 25 24 14 26 
1 7 15 23 22 24 13 23 10 
1 16 12 26 11 22 15 25 14 22 15 24 14 25 13 26 12 25 
1 28 12 26 15 21 12 24 12 26 23 12 26 22 13 23 11 25 15 22 16 23 14 22 15 25 24 12 25 16 
1 15 11 24 13 25 14 21 12 24 16 23 14 22 12 25 26 
1 2 16 20 
2 16 22 13 14 21 12 24 11 26 14 13 14 22 12 25 12 26 
1 15 15 26 11 22 23 16 24 12 26 13 21 16 15 22 12 
2 13 25 14 23 21 11 22 23 14 25 13 26 15 28 
2 2 23 25 
1 34 13 14 23 21 12 25 15 22 16 24 13 26 12 25 12 22 14 23 15 26 13 22 15 24 11 23 13 24 16 26 22 14 16 15 
2 30 26 11 24 16 22 23 15 21 13 24 26 15 25 16 22 14 25 15 12 26 15 23 13 24 14 26 12 25 26 22 
2 22 25 11 24 13 25 14 23 12 26 15 25 24 12 23 16 21 13 25 14 16 15 16 
2 40 23 25 11 26 15 24 16 25 14 23 16 15 24 13 22 12 26 14 16 22 15 21 12 22 16 13 15 24 12 26 25 12 23 12 24 16 26 13 25 26 
2 29 23 22 14 23 11 25 14 26 12 21 16 22 14 26 25 13 24 15 25 23 16 24 13 26 12 22 13 25 14 
1 20 15 22 23 12 24 16 24 15 23 13 21 16 15 22 14 22 16 15 24 12 
2 12 24 13 14 22 23 12 24 11 25 15 23 11 
1 25 15 23 21 14 23 16 24 15 11 26 14 13 23 14 25 15 22 16 25 13 24 23 14 15 20 
2 22 24 16 21 12 23 15 25 15 23 12 22 12 24 13 23 14 25 16 23 15 16 12 
1 1 19 
2 24 24 14 23 22 15 21 11 26 14 23 12 24 16 26 15 13 25 12 26 23 14 24 15 25 
2 5 23 25 12 16 27 
2 2 22 13 
2 9 26 15 23 21 11 23 16 23 14 
1 19 12 26 15 24 11 22 26 16 21 13 22 14 23 15 25 13 22 12 26 
1 18 16 24 14 21 15 22 16 23 13 25 14 13 24 25 16 26 12 22 
1 19 12 21 15 25 14 23 16 22 11 26 12 13 26 22 14 24 12 26 12 
1 1 28 
2 33 23 21 11 25 16 22 15 25 12 24 14 26 16 23 15 26 22 13 22 16 25 13 26 23 14 12 25 14 24 12 25 16 26 
2 28 25 11 22 16 26 12 23 14 21 16 22 15 23 22 12 26 13 25 12 22 15 13 26 23 14 24 15 25 
2 15 25 13 15 26 11 23 14 26 22 15 25 23 16 21 11 
2 31 23 22 12 23 16 24 12 25 12 21 14 24 13 23 26 11 24 13 22 16 24 15 24 12 25 15 23 16 24 14 26 
2 4 21 13 11 20 
1 3 11 21 16 
2 21 23 25 14 21 16 23 11 26 14 24 13 24 15 23 14 26 15 22 16 24 18 
2 21 25 14 21 12 15 26 16 26 25 13 22 14 15 16 23 13 22 11 25 13 26 
2 31 24 11 22 15 22 14 23 15 25 14 26 14 22 12 23 13 25 14 22 16 26 23 15 23 12 24 13 25 12 22 16 
1 21 13 11 24 13 21 16 24 14 23 12 24 16 26 13 22 14 12 23 15 26 16 
1 20 15 21 12 26 13 24 15 12 22 12 24 13 26 16 25 13 22 11 23 11 
1 32 13 16 22 21 14 24 14 25 14 23 12 25 15 23 13 16 22 23 11 24 12 25 15 14 26 15 12 24 16 23 14 24 
1 2 13 21 
1 21 16 21 12 25 12 24 13 23 13 22 16 12 26 15 26 24 23 13 26 24 16 
2 26 26 16 22 21 15 25 16 13 23 13 24 12 26 16 23 13 25 22 14 26 16 15 25 24 16 12 
2 7 23 21 12 22 24 16 26 
2 32 25 14 22 16 21 12 16 11 26 13 25 23 13 25 14 22 12 24 15 25 13 26 16 23 24 25 12 22 14 26 13 22 
2 17 21 11 24 13 26 14 22 12 22 16 22 14 23 12 26 14 25 
2 31 25 16 23 14 22 24 13 26 14 23 16 23 11 22 12 21 14 24 16 25 13 16 14 23 12 24 15 26 12 22 16 
2 20 25 14 24 11 21 15 23 16 22 14 26 12 25 13 26 23 15 12 25 16 
1 19 15 26 11 22 24 16 22 13 23 12 22 16 15 25 13 21 15 16 12 
2 20 24 14 23 21 16 24 22 11 24 13 23 12 13 24 14 25 14 22 12 26 
2 33 22 12 26 14 21 12 23 12 22 16 23 11 26 25 12 26 24 15 23 12 22 16 26 14 23 16 13 25 12 22 16 15 16 
2 26 23 26 12 14 23 15 22 16 23 11 22 14 25 13 26 16 22 15 13 21 14 15 24 12 25 16 
2 29 26 12 16 24 15 25 16 12 22 11 21 14 22 16 13 25 14 22 15 26 12 24 12 26 25 13 23 12 25 
2 4 26 16 22 14 
1 0 
1 32 12 25 12 22 16 22 11 25 12 21 15 22 14 22 13 26 13 24 16 26 24 12 23 13 26 25 15 26 22 16 24 12 
1 34 15 25 13 14 22 11 26 15 21 12 22 16 25 15 26 12 24 15 25 13 26 15 22 16 23 15 25 14 22 12 23 15 26 16 
1 1 19 
2 23 22 14 21 16 23 11 22 13 26 16 14 15 22 16 23 13 26 12 25 13 22 12 26 
2 21 24 13 12 22 11 23 12 25 12 21 16 26 12 23 13 24 15 23 12 22 16 
2 17 24 12 25 16 24 11 23 14 23 15 25 24 22 12 26 13 25 
1 21 15 21 14 22 15 26 16 22 14 24 14 26 13 23 15 26 22 16 25 12 26 
1 16 16 25 12 14 22 11 26 13 21 12 25 24 14 26 13 23 
2 34 23 21 12 25 12 26 15 22 12 23 11 24 16 25 12 22 14 25 13 26 13 22 14 16 23 15 24 12 22 13 25 16 14 26 
1 13 16 21 12 26 15 24 14 23 16 25 12 24 14 
2 4 21 16 26 19 
1 7 15 21 11 23 14 24 17 
2 24 26 16 23 11 24 13 26 15 22 12 24 14 25 15 24 13 26 14 21 12 23 16 22 15 
2 12 22 13 12 25 12 26 16 23 11 24 12 27 
2 33 22 15 26 11 22 14 21 15 24 16 23 14 24 15 13 23 14 22 12 26 15 14 24 25 16 23 14 22 12 26 13 24 17 
1 19 16 23 11 22 25 13 24 15 21 14 25 23 25 13 26 14 22 26 15 
1 28 14 22 11 25 15 26 12 21 15 13 22 15 23 13 26 24 14 23 13 26 25 24 16 22 15 25 23 12 
2 33 21 14 22 25 16 22 11 24 13 22 14 26 15 26 23 12 23 16 22 15 14 13 24 16 23 13 24 14 22 12 26 15 25 
2 29 21 13 12 26 12 22 24 16 23 15 25 16 23 14 24 12 26 15 22 12 23 16 25 11 22 14 16 15 26 
2 24 22 16 25 13 22 12 11 21 14 24 15 24 16 26 12 25 13 23 16 25 15 26 13 24 
2 35 24 15 23 26 15 24 13 21 15 24 14 23 11 24 13 22 12 22 14 16 25 12 23 25 16 14 24 13 16 15 23 14 25 22 16 
2 23 22 11 26 14 23 12 22 15 23 14 25 14 22 12 26 13 24 14 23 15 25 21 16 
2 23 26 13 25 15 23 16 26 12 25 23 11 24 15 14 26 12 22 16 26 23 15 22 12 
1 9 13 14 21 12 22 16 23 14 26 
2 10 23 24 16 25 12 22 26 16 24 12 
2 6 24 15 26 16 24 13 
2 29 23 24 12 16 24 15 26 16 15 21 13 24 15 25 15 22 16 26 13 25 14 22 15 23 16 25 24 12 25 
2 20 24 16 26 12 13 21 11 24 13 22 15 26 23 12 22 13 26 25 13 23 
1 13 16 25 11 22 24 14 23 13 21 15 22 14 29 
2 12 23 26 13 24 12 21 15 26 24 11 23 14 
1 4 11 25 13 27 
1 33 14 26 15 22 21 16 25 11 22 15 13 23 13 26 15 12 23 15 22 16 25 26 22 14 23 24 13 26 12 22 15 25 26 
2 25 23 21 14 24 12 13 23 11 25 13 22 14 24 15 25 12 26 14 22 15 12 23 16 23 12 
1 30 15 24 14 26 15 22 23 14 24 13 26 15 25 15 26 21 16 26 22 12 24 14 15 23 11 24 16 25 14 26 
1 19 11 25 14 22 26 16 24 15 21 14 26 25 13 24 12 26 15 25 16 
2 1 27 
2 21 24 14 26 14 25 11 23 21 16 22 15 23 26 16 12 23 15 25 14 22 10 
2 28 23 24 14 26 15 23 16 24 26 25 14 22 15 13 23 11 25 22 14 21 13 24 15 23 12 22 13 26 
1 22 11 21 15 26 13 24 14 25 15 12 22 13 25 12 26 12 24 16 25 13 26 14 
2 27 23 25 14 21 16 26 11 22 15 25 13 24 15 14 22 15 25 12 26 14 23 15 16 22 13 25 14 
2 20 26 13 21 16 22 11 24 13 25 12 26 14 26 23 16 26 25 22 12 24 
1 35 15 21 16 22 11 26 14 25 16 14 24 14 23 14 26 15 24 13 24 16 22 14 24 12 14 23 16 13 24 15 25 15 22 14 26 
2 15 23 21 14 22 23 13 12 25 12 24 13 12 25 11 26 
2 16 26 14 24 15 21 16 22 12 26 14 23 13 22 12 26 10 
2 21 22 16 25 12 13 21 15 23 16 22 11 25 14 24 13 26 15 22 12 25 26 
2 15 25 15 22 25 11 21 14 22 16 23 14 25 22 12 26 
1 12 15 26 12 15 21 13 24 15 23 14 25 18 
2 10 21 11 22 24 16 25 13 26 13 22 
2 17 23 25 15 24 14 22 23 15 26 13 24 14 22 15 25 11 26 
1 36 15 23 24 16 24 14 21 11 24 12 26 12 23 16 24 15 25 12 22 16 26 14 25 15 12 24 13 23 16 22 15 26 25 24 23 14 
1 26 16 26 11 24 12 25 13 22 14 26 16 25 12 22 15 23 16 25 24 13 25 12 22 14 15 26 
2 29 24 12 25 12 22 13 25 14 23 15 26 13 24 26 21 12 23 15 13 22 14 23 11 24 14 26 25 14 26 
1 24 15 23 22 23 11 26 12 24 14 23 13 22 16 24 15 23 16 12 24 13 26 13 21 12 
2 19 26 11 25 12 23 26 15 24 12 25 21 13 22 14 26 16 24 15 16 
2 3 22 12 27 
2 18 26 14 22 16 25 11 22 14 24 15 25 23 12 25 14 23 15 13 
2 25 25 16 24 15 23 13 15 22 16 21 11 24 26 14 24 15 12 25 13 12 26 23 16 25 15 
1 25 15 24 12 26 11 25 14 22 15 26 16 26 23 12 25 14 22 13 24 14 21 16 15 24 16 
2 27 21 14 22 24 13 26 16 24 14 23 13 22 15 25 12 26 13 22 15 24 14 23 16 22 12 24 15 
1 22 13 15 25 12 11 23 15 14 21 15 26 12 24 12 25 14 16 22 12 24 15 16 
2 31 25 16 26 12 22 26 23 12 25 26 16 15 21 14 22 16 23 24 13 25 23 16 12 26 11 24 15 25 16 12 22 
2 30 21 12 23 14 26 16 24 12 23 14 11 25 12 26 13 26 25 16 23 14 22 15 22 14 23 16 26 13 24 12 
1 13 12 24 14 21 13 24 15 25 12 22 14 26 17 
2 35 24 11 25 16 26 13 23 16 15 23 14 25 23 15 26 16 22 13 24 14 25 23 13 21 12 24 14 22 13 25 23 16 15 24 16 
1 26 12 26 11 25 13 26 23 14 24 15 25 12 24 14 26 15 16 21 13 26 25 26 22 15 23 14 
2 22 21 12 22 24 16 24 14 23 15 26 12 23 11 25 15 26 22 16 25 12 24 12 
1 15 13 16 26 13 24 11 23 14 23 13 25 12 22 12 24 
1 19 14 21 13 12 24 14 26 11 25 15 24 16 23 14 16 12 16 14 26 
1 28 16 26 13 21 16 12 11 23 13 26 24 14 22 12 24 15 22 16 23 13 26 12 22 13 25 12 26 22 
1 29 14 23 22 13 11 21 12 14 13 23 15 26 15 25 16 22 14 25 23 16 15 12 25 14 26 13 24 13 26 
1 34 15 22 25 13 23 12 15 14 24 12 25 21 11 24 13 15 26 14 15 12 23 16 25 12 22 14 23 13 26 15 24 25 14 26 
2 38 23 24 15 22 23 13 12 14 24 11 21 16 25 16 13 23 15 22 14 15 24 12 25 14 23 13 26 14 23 16 24 25 26 15 13 23 12 22 
2 19 22 15 23 14 22 15 26 12 11 21 13 24 16 22 12 24 15 26 16 
2 28 21 14 23 12 22 26 12 23 13 22 11 23 16 26 22 12 24 13 25 15 26 13 23 14 22 16 25 15 
2 15 25 11 23 21 13 22 24 14 24 12 22 13 25 14 26 
1 1 18 
2 31 22 11 25 12 24 12 21 16 25 24 15 22 13 23 15 16 22 13 23 14 22 12 24 15 26 12 22 15 25 12 26 
1 22 11 24 14 26 16 23 14 25 15 24 25 21 13 26 13 23 16 24 12 25 26 22 
2 9 21 12 23 13 26 12 24 14 28 
1 26 13 14 26 16 24 13 21 12 22 12 26 15 24 22 16 25 16 14 23 12 26 15 25 16 14 24 
1 30 16 23 15 24 14 21 16 22 15 25 16 15 24 12 26 16 22 15 14 13 22 16 22 14 23 15 25 26 12 24 
1 28 11 26 12 21 16 24 12 22 14 25 12 23 13 25 26 13 23 14 22 15 22 16 25 12 22 14 23 13 
1 33 15 26 12 14 25 11 22 16 25 22 15 26 12 23 14 24 16 26 12 25 21 13 24 16 15 14 16 25 26 13 23 15 23 
2 18 23 22 16 25 12 16 11 24 12 26 13 25 23 16 21 14 23 14 
1 28 15 24 16 21 12 22 13 25 14 23 13 25 14 26 12 24 12 22 16 23 13 22 15 23 14 16 26 15 
2 20 23 22 16 26 14 23 15 22 13 25 16 21 12 23 26 15 24 12 25 26 
2 24 21 11 24 12 23 16 22 13 22 14 25 13 22 14 26 12 24 13 23 15 26 16 22 12 
2 3 26 16 28 
2 7 26 16 25 12 26 21 18 
1 18 16 26 15 22 11 23 12 25 13 24 13 25 14 23 12 24 15 16 
1 30 11 25 14 22 23 12 26 12 25 24 14 21 15 22 13 26 16 23 15 22 12 24 13 23 14 26 12 25 13 26 
1 18 12 26 13 21 16 24 14 26 25 12 23 11 24 15 25 14 13 20 
2 26 22 11 25 13 24 16 22 14 25 15 22 16 23 15 21 14 23 13 24 12 26 13 25 12 26 22 
2 30 22 14 23 11 26 13 21 12 22 14 24 13 23 12 26 24 16 26 25 15 26 14 24 15 23 13 22 16 22 14 
1 16 11 22 14 24 16 25 12 22 14 21 15 26 14 24 13 22 
1 39 12 22 13 24 16 25 12 22 14 22 16 15 24 22 13 21 11 25 14 22 12 26 14 24 13 23 15 24 13 23 16 24 12 25 26 14 23 15 22 
2 4 22 12 23 15 
1 10 12 22 13 24 15 25 14 23 11 25 
1 17 11 25 14 26 14 24 15 23 12 26 15 25 14 26 22 16 25 
1 24 16 23 14 26 14 25 12 26 22 25 13 24 15 26 11 22 16 25 22 13 23 15 25 12 
2 4 21 13 16 29 
1 5 11 24 12 13 27 
2 1 28 
2 22 26 11 21 15 23 12 25 14 26 15 12 24 13 25 22 14 16 26 15 13 23 14 
1 26 14 25 11 22 14 23 15 22 16 24 15 22 12 25 12 22 14 23 15 13 22 15 24 14 23 16 
1 26 12 26 14 23 22 26 12 23 15 21 13 25 13 23 11 22 14 26 16 25 15 23 16 13 26 12 
1 24 16 25 11 22 21 14 26 14 25 26 23 12 24 16 25 22 13 24 16 15 24 12 22 16 
1 5 11 26 15 23 18 
1 23 16 26 11 25 13 21 15 22 16 26 23 12 26 22 16 13 25 15 14 23 16 22 15 
1 35 15 26 16 23 12 16 14 25 16 12 24 15 11 25 13 21 14 22 12 24 23 13 26 12 25 16 23 15 24 13 26 12 22 15 25 
2 17 26 13 22 12 15 22 14 23 14 26 25 12 22 15 13 15 26 
1 23 11 26 14 21 15 22 16 22 12 25 14 26 12 22 16 24 14 25 12 23 12 26 12 
2 2 21 14 
2 39 24 14 22 12 23 16 23 13 24 15 23 11 21 14 13 26 12 22 14 23 13 24 15 25 12 23 14 15 16 24 26 12 23 13 15 22 16 25 26 
1 23 16 26 12 14 25 13 23 11 24 16 21 14 23 15 25 16 13 26 14 24 26 25 13 
1 9 12 22 16 22 14 21 11 22 19 
1 21 13 12 21 13 23 11 22 24 14 25 12 22 13 16 22 15 22 16 14 16 15 
1 3 12 25 11 
1 33 16 21 13 15 24 12 13 23 13 26 16 25 13 22 13 23 12 26 14 26 23 15 23 16 24 12 26 22 13 16 14 15 16 
2 36 23 22 14 23 16 26 15 23 16 14 25 12 21 13 22 15 11 24 15 25 12 23 16 24 14 22 13 26 13 23 12 24 16 25 12 26 
2 5 23 24 12 15 29 
2 27 24 14 25 15 23 12 13 26 11 22 13 21 15 23 12 26 14 22 15 25 13 23 16 24 13 26 12 
1 30 16 24 14 26 15 25 16 23 11 26 14 24 15 21 13 24 16 15 22 12 24 13 25 14 16 13 26 15 23 12 
1 26 14 22 16 21 15 24 12 16 23 12 25 11 24 13 25 15 22 12 23 16 24 25 13 26 15 22 
2 21 22 15 21 16 26 11 25 12 24 13 26 12 22 15 23 12 26 24 25 15 26 
1 31 13 14 22 23 16 26 15 21 13 25 16 23 15 26 12 24 15 16 26 22 13 23 15 24 14 23 12 25 15 26 22 
1 5 16 23 14 24 17 
1 31 14 24 12 25 12 26 16 22 21 15 24 13 24 16 25 11 26 15 12 22 13 23 13 26 24 16 25 26 23 12 22 
2 24 21 13 14 26 13 23 15 26 22 16 24 13 22 11 26 15 13 23 26 24 14 25 14 26 
1 24 14 26 11 24 16 21 15 22 16 14 24 13 26 15 25 13 26 23 13 25 16 26 14 24 
2 38 25 15 24 16 26 12 24 16 14 21 15 23 13 26 25 11 22 14 15 23 16 26 12 22 14 25 26 24 12 26 25 15 16 13 15 23 16 24 
2 24 22 13 15 24 12 11 25 16 23 13 12 22 16 13 26 13 21 16 15 24 14 22 15 24 
1 44 13 15 24 12 25 13 22 21 14 26 13 25 23 12 22 13 24 16 22 12 23 11 24 15 26 12 24 15 22 14 15 25 12 26 23 16 23 13 24 15 14 25 15 22 
1 28 13 16 23 15 25 16 14 21 16 12 15 14 26 13 23 14 24 16 26 25 13 22 11 23 14 16 12 24 
1 32 16 22 24 14 25 13 26 11 21 13 24 14 22 15 26 25 16 24 12 22 13 24 14 25 16 26 23 15 24 14 25 26 
2 37 25 11 26 15 22 21 16 26 23 12 24 12 22 14 22 16 25 12 23 25 14 24 26 13 25 23 12 26 15 24 25 13 22 16 22 14 26 
1 23 13 15 26 13 23 11 22 24 13 23 14 25 13 23 12 26 12 22 15 16 25 13 25 
1 15 14 25 12 16 23 15 24 13 26 16 23 13 21 12 24 
1 24 16 23 11 26 15 22 16 13 26 24 14 26 21 16 22 12 22 15 24 26 23 16 26 19 
2 28 22 11 23 16 22 15 25 12 21 15 24 12 23 24 13 26 14 25 16 24 23 15 26 13 25 12 26 24 
1 34 12 21 13 26 12 23 11 25 16 24 14 26 16 15 25 16 13 22 16 15 24 26 12 22 16 14 15 13 23 15 25 14 24 16 
1 14 12 25 11 21 12 23 13 24 15 24 13 25 12 24 
1 25 13 16 26 13 21 15 25 16 14 24 13 25 15 16 23 11 22 13 25 23 14 24 25 12 26 
1 18 13 12 25 15 26 12 24 11 26 25 13 14 26 24 16 24 15 16 
1 38 16 25 13 11 26 14 23 13 24 12 25 23 14 22 13 21 14 25 23 16 26 13 24 12 22 14 15 22 16 26 13 24 14 23 25 15 24 12 
2 25 25 16 26 14 23 15 23 12 22 13 21 16 26 11 22 13 24 12 25 13 23 24 12 25 26 
2 14 22 13 14 23 16 25 13 23 15 21 14 26 15 14 
1 25 14 23 26 14 21 11 23 13 25 15 24 14 25 23 15 16 22 12 26 12 22 16 14 24 10 
2 21 24 11 25 15 21 14 22 13 24 14 26 16 25 15 23 13 24 16 14 16 15 
1 19 14 26 13 22 11 25 14 24 16 25 24 15 26 12 24 14 25 26 22 
2 22 25 12 14 24 13 21 16 26 11 25 16 15 22 16 12 23 13 24 15 25 12 26 
1 29 14 22 16 25 13 24 12 23 15 22 13 21 16 23 11 22 14 25 15 24 13 23 16 25 14 26 16 13 22 
1 23 16 26 14 22 26 25 15 21 13 24 12 26 13 22 16 22 11 25 15 23 16 12 24 
1 25 13 15 23 16 26 14 25 16 11 21 12 26 22 13 15 23 24 15 26 16 22 14 25 26 22 
2 27 24 14 23 26 11 21 16 22 15 23 24 14 26 16 22 12 22 14 23 15 24 16 25 15 22 16 26 
1 36 15 23 22 21 12 23 15 24 13 25 12 22 14 26 11 24 15 25 23 13 12 24 15 26 16 22 14 25 24 13 23 12 26 16 15 24 
1 25 12 24 15 21 13 24 15 26 11 22 14 22 15 24 13 25 14 23 15 26 12 24 14 25 26 
1 35 16 23 12 21 13 25 12 24 15 26 12 24 16 23 13 22 12 25 12 24 14 26 15 25 24 16 26 22 12 23 13 25 16 14 24 
2 22 24 13 15 21 16 23 12 13 24 22 12 26 11 24 14 25 15 24 14 26 23 16 
1 16 11 22 16 25 13 21 12 23 16 25 13 24 12 25 13 26 
1 3 13 11 26 
1 4 16 24 13 22 
1 32 12 21 14 24 11 26 14 23 13 22 14 26 16 25 14 26 12 14 24 25 13 26 16 22 15 26 23 16 26 22 15 28 
1 26 13 16 21 12 25 12 23 12 26 15 22 14 25 12 24 13 26 14 23 12 24 16 23 15 22 16 
2 21 21 13 11 23 15 24 12 25 15 16 22 14 22 16 13 12 26 12 24 25 11 
1 26 15 23 21 12 23 11 26 14 25 12 23 14 22 13 26 12 24 15 26 22 16 25 12 24 23 16 
2 8 21 12 22 23 16 22 13 26 
1 11 15 26 14 21 15 23 16 25 11 23 12 
2 17 26 15 25 12 26 21 11 23 16 22 13 23 15 26 16 25 12 
2 20 25 14 21 15 26 11 24 16 23 13 22 12 25 13 24 23 12 24 16 15 
2 26 23 21 16 26 12 11 25 14 25 16 24 14 22 12 23 26 13 26 25 14 12 24 22 15 24 16 
1 16 11 26 15 23 13 21 14 23 16 26 15 12 25 13 26 23 
2 16 24 12 25 12 21 14 26 14 22 12 23 15 22 12 26 16 
2 23 23 24 11 25 12 22 24 14 24 13 21 16 22 14 25 13 23 12 26 14 24 13 29 
1 2 16 26 
2 3 21 16 20 
1 24 11 24 14 26 13 21 16 23 12 24 26 16 13 25 16 12 26 22 14 25 16 13 22 18 
1 20 14 26 11 23 25 15 21 16 26 12 23 15 24 15 26 25 13 25 12 24 
2 6 24 14 25 15 21 11 
1 2 11 28 
2 20 24 15 21 16 26 11 22 14 22 12 23 14 24 15 26 12 25 16 26 22 
1 25 15 22 26 14 24 11 25 15 13 26 16 25 15 22 14 16 12 21 14 23 16 24 13 25 26 
1 22 11 26 14 23 22 23 16 25 15 21 13 26 14 23 24 15 26 14 22 16 23 13 
2 17 25 15 23 24 12 22 23 14 26 14 24 12 22 11 25 13 26 
2 23 22 13 14 26 13 23 11 25 15 22 13 24 15 26 12 25 26 21 16 25 13 26 16 
1 27 14 26 15 25 16 22 13 25 21 15 26 12 22 14 24 12 23 16 26 14 23 13 12 22 15 22 16 
2 32 24 12 23 26 15 22 25 13 26 11 24 25 15 23 12 21 14 26 13 24 22 12 25 12 26 13 24 15 23 16 24 12 
1 30 16 26 11 23 13 26 22 14 24 15 26 16 21 12 25 12 22 25 14 23 16 24 13 15 26 12 25 22 16 26 
2 20 21 11 24 12 26 14 22 13 23 12 26 15 24 13 22 14 26 15 25 18 
2 20 25 14 26 13 23 22 16 21 12 25 16 14 12 24 12 26 14 22 13 25 
1 5 13 14 26 12 11 
2 23 22 13 15 26 11 24 13 21 14 22 15 25 13 24 26 14 23 13 26 25 24 12 26 
2 29 24 12 21 14 25 15 22 13 24 25 22 14 26 11 23 16 24 13 22 15 26 16 14 25 16 12 22 13 26 
1 24 12 24 16 21 14 23 12 22 12 23 15 22 16 26 16 13 23 15 16 22 11 25 12 26 
2 16 22 16 25 11 22 14 21 12 26 15 24 12 22 13 26 16 
2 17 26 13 24 12 11 21 12 26 25 13 14 24 15 24 16 24 12 
2 31 25 14 26 14 21 11 24 12 25 15 26 12 22 13 22 16 26 25 23 13 25 16 14 22 12 23 16 15 26 16 12 
2 33 25 15 22 21 13 14 22 12 16 25 15 23 12 24 14 15 11 25 26 16 22 14 23 12 24 25 13 22 15 26 16 23 14 
2 20 24 12 25 15 22 21 13 24 12 23 12 26 15 16 25 12 24 14 26 16 
2 42 21 12 25 11 26 14 23 15 25 26 12 23 14 22 12 25 16 26 12 23 15 16 13 23 14 24 16 22 14 25 13 24 14 26 15 22 12 23 16 14 25 13 
2 23 26 16 25 14 22 21 16 13 26 12 23 14 26 24 13 26 22 14 25 16 24 11 23 
2 19 21 12 24 16 25 12 22 14 22 15 23 12 24 16 25 14 22 12 26 
2 28 22 15 25 14 26 13 24 12 25 14 15 23 13 22 12 23 11 26 14 25 24 21 13 23 16 24 23 14 
1 18 15 23 21 16 22 12 13 24 16 25 14 23 22 11 26 14 25 26 
2 4 25 15 22 26 
2 29 24 13 11 26 12 23 25 16 26 14 22 15 21 13 14 24 13 26 16 23 15 13 24 12 22 16 14 24 13 
1 26 12 26 15 25 14 21 11 26 24 16 26 15 16 12 25 26 24 13 23 14 24 16 25 26 12 22 
1 0 
2 30 24 11 26 14 22 25 15 22 13 26 12 22 14 13 21 16 23 14 26 15 25 22 12 23 13 24 12 26 15 25 
1 18 16 24 11 23 12 13 21 15 25 14 23 16 25 24 12 23 15 16 
2 20 22 12 23 15 25 14 23 16 25 15 26 12 24 13 24 15 22 16 25 12 
2 28 25 15 22 26 14 23 11 21 15 23 14 25 13 26 14 24 16 26 12 23 14 22 15 23 16 13 22 14 
2 28 21 15 26 13 22 14 22 15 16 25 15 23 14 26 15 24 12 22 13 23 14 16 25 15 24 26 16 12 
1 38 13 15 22 21 14 23 12 14 24 11 26 12 22 15 25 16 23 13 23 12 24 16 12 26 14 22 12 25 12 24 15 26 16 23 13 15 25 16 
1 19 15 24 16 23 13 14 24 16 21 12 22 13 23 14 25 16 13 24 26 
2 4 23 22 14 27 
2 5 22 11 26 13 21 
2 4 21 12 23 19 
1 20 16 24 11 21 13 22 14 23 12 24 26 16 25 12 23 15 23 14 25 15 
2 26 24 15 25 13 21 14 26 16 23 11 22 13 26 14 16 15 25 24 16 12 24 15 25 26 16 22 
2 6 24 15 25 13 22 26 
1 23 16 23 12 21 13 23 15 25 14 26 13 22 14 24 15 26 14 22 16 23 13 22 14 
2 30 26 12 11 23 25 14 24 12 23 16 22 15 26 13 25 13 26 16 24 12 21 13 24 14 26 23 16 15 16 12 
1 16 16 21 15 24 11 22 13 24 16 23 15 25 12 24 13 26 
2 23 21 11 22 26 12 25 14 23 16 26 12 25 15 24 16 23 13 24 14 25 15 16 12 
2 25 26 11 25 14 21 16 22 15 26 24 14 22 13 25 14 23 16 24 13 26 12 22 15 25 26 
1 23 12 24 16 21 11 26 12 24 13 22 14 25 15 26 12 24 13 26 25 22 14 15 16 
2 2 26 15 
1 26 13 12 26 11 21 12 23 15 23 14 23 16 24 15 14 26 12 22 16 24 13 26 25 12 26 22 
1 14 13 15 25 11 26 13 24 14 23 12 26 15 24 16 
2 8 26 16 21 12 16 11 22 18 
2 25 23 25 13 24 12 22 13 25 24 15 24 11 26 12 23 14 22 15 13 23 14 24 21 15 29 
2 33 22 16 23 11 26 14 23 13 22 16 24 12 25 12 21 14 26 13 16 24 15 26 24 13 25 22 16 14 16 15 26 23 12 
2 12 23 22 14 21 12 23 11 25 12 26 12 22 
2 6 22 15 25 12 15 22 
2 0 
2 26 24 16 25 11 21 14 23 13 24 14 26 12 25 23 16 22 13 26 14 16 15 26 23 16 12 11 
1 31 11 21 16 25 15 26 13 24 12 25 16 23 15 26 16 12 22 15 24 14 24 13 12 25 12 26 15 12 23 16 24 
1 24 12 23 21 15 26 13 23 16 23 12 26 22 12 23 15 26 25 15 26 24 16 22 15 23 
1 21 14 26 13 22 12 11 23 15 26 14 16 24 15 13 25 16 23 13 26 14 24 
2 26 24 12 21 15 25 13 24 15 23 12 26 16 25 22 11 26 12 24 13 15 25 16 23 14 25 16 
2 20 24 16 22 25 12 15 24 13 21 11 23 14 23 15 24 16 24 13 22 14 
2 16 21 15 24 14 26 15 23 16 26 14 25 11 22 14 23 18 
1 12 13 16 25 12 13 26 16 15 22 13 24 11 
2 19 24 13 16 25 15 21 12 15 26 15 23 12 24 26 14 22 15 24 17 
1 26 12 22 16 26 14 22 13 22 11 21 14 24 15 26 14 22 13 23 13 26 24 26 25 15 12 26 
2 33 23 25 14 24 13 26 16 23 13 22 21 14 12 26 15 24 13 26 14 23 16 22 12 25 12 26 23 15 14 24 25 11 26 
1 31 12 23 24 12 22 15 22 14 24 16 21 13 25 14 26 13 23 14 22 12 23 15 26 11 25 14 26 24 16 22 13 
1 1 10 
1 29 11 24 14 25 13 26 14 21 15 26 25 13 22 12 24 16 23 14 26 15 16 12 25 13 26 24 15 25 14 
1 19 13 15 24 12 22 24 16 25 16 11 22 12 21 15 23 16 15 24 26 
1 23 14 24 13 15 26 12 14 16 25 11 21 12 26 14 13 23 15 25 13 24 16 23 12 
1 22 11 24 12 14 25 12 23 15 26 16 22 15 25 14 21 13 26 12 25 15 22 16 
2 33 26 16 22 26 23 13 21 16 15 25 12 26 14 24 13 26 23 12 24 11 22 12 25 15 26 24 14 23 13 24 14 22 16 
2 17 24 16 26 11 25 12 23 16 13 22 12 26 16 15 21 16 12 
2 27 22 13 15 26 12 14 22 16 21 13 23 12 24 13 22 15 23 11 26 12 24 16 22 14 25 16 29 
1 14 12 25 12 24 15 25 11 21 13 23 13 25 15 26 
2 10 24 16 21 14 25 11 23 13 25 16 
1 12 12 24 11 21 13 23 15 24 23 16 24 12 
1 9 16 24 15 21 11 26 12 22 19 
1 28 15 26 11 21 14 23 15 22 16 23 12 26 12 25 15 24 12 22 16 25 13 25 15 14 23 16 22 15 
1 16 13 12 26 14 22 25 15 24 13 11 21 16 22 13 24 23 
2 3 23 26 15 
2 25 25 14 26 14 21 15 24 13 23 11 26 13 22 16 25 12 22 16 15 24 12 26 13 25 12 
1 23 11 25 16 24 14 21 15 24 16 25 13 23 13 22 13 26 16 24 14 23 13 25 14 
2 27 21 16 22 14 26 16 11 23 14 26 24 14 26 25 13 25 14 23 12 22 14 24 15 23 12 22 16 
1 27 14 24 12 23 26 15 23 11 25 14 21 12 26 24 16 24 15 13 25 14 26 12 24 16 23 15 16 
2 31 24 11 25 12 21 13 26 12 23 12 24 15 22 13 24 14 25 15 13 26 13 22 16 23 15 24 25 14 26 13 22 
2 21 21 11 24 13 25 16 23 15 24 25 23 13 22 12 24 14 25 13 24 15 16 
2 31 22 15 22 11 24 12 21 14 26 16 25 15 22 16 23 12 25 13 22 14 23 16 24 12 22 13 26 14 25 12 26 
2 0 
1 16 11 23 25 14 24 16 21 15 23 12 24 16 25 13 23 15 
1 28 13 16 21 15 24 16 14 26 13 22 16 13 26 23 11 26 25 12 23 15 22 14 25 13 15 14 23 16 
1 27 14 24 13 11 21 15 26 14 13 25 15 24 13 22 12 24 14 22 13 23 13 25 15 14 26 14 24 
2 32 24 11 23 21 14 24 15 26 16 24 13 26 14 23 12 22 15 26 24 12 25 14 13 14 22 16 22 12 26 15 24 16 
2 5 24 11 23 22 15 
2 18 26 13 21 16 25 12 22 15 23 13 24 12 26 12 25 11 26 22 
2 26 26 16 24 13 23 15 26 12 16 23 11 25 14 22 16 15 21 13 12 23 16 26 14 22 12 25 
1 30 11 24 15 22 26 13 25 14 26 22 13 25 16 24 12 26 15 23 15 22 12 25 14 23 15 24 26 16 24 12 
1 28 13 16 21 12 24 13 26 15 25 14 25 12 23 14 26 12 22 16 22 15 25 23 12 26 13 24 16 14 
1 18 16 21 13 15 22 14 26 12 24 15 16 26 24 12 25 11 26 22 
2 27 26 14 21 12 15 23 13 22 15 25 14 16 22 12 25 15 23 16 13 25 14 26 13 24 13 26 25 
1 15 13 16 25 14 26 15 21 13 23 16 26 24 15 25 13 
1 11 11 23 22 12 16 25 12 23 14 23 19 
1 25 14 25 16 24 12 25 13 22 25 15 26 13 25 14 24 15 12 25 16 24 11 22 14 25 26 
1 16 13 15 24 14 21 12 23 11 25 15 24 12 26 15 25 16 
1 8 16 26 12 15 25 16 22 14 
1 29 15 21 13 11 26 15 16 24 13 26 12 23 13 24 12 22 16 13 25 16 12 23 13 24 14 16 15 25 16 
1 22 15 25 11 21 16 22 14 24 15 26 15 25 12 22 16 22 13 24 16 14 16 15 
2 24 25 15 26 12 22 24 16 25 14 24 16 11 23 13 26 13 22 12 21 14 23 16 24 13 
2 24 24 16 23 15 21 13 15 24 14 22 15 26 11 23 14 24 16 24 13 26 25 14 26 22 
2 11 23 26 14 25 13 26 24 14 21 16 20 
2 37 21 12 26 14 23 12 22 11 23 15 25 15 24 13 22 12 26 12 24 16 22 15 23 14 22 15 23 12 25 14 26 12 24 25 13 23 16 
1 28 15 26 13 22 21 15 25 12 23 12 24 16 25 13 12 22 15 16 24 11 26 13 25 14 12 23 16 24 
2 20 21 15 26 14 25 15 24 12 26 13 22 11 23 14 15 25 13 26 12 22 
1 7 16 23 13 11 25 13 22 
2 15 26 12 11 22 12 24 16 25 14 22 15 26 12 24 16 
1 22 16 21 13 11 23 15 23 12 26 12 25 15 26 24 15 22 13 26 15 22 12 20 
2 28 22 12 23 11 25 15 23 13 24 16 22 12 23 14 25 15 21 16 26 15 24 13 23 16 22 12 24 13 
2 3 22 15 23 
2 11 21 16 22 13 11 25 13 23 15 23 12 
2 11 23 22 15 23 16 21 13 16 15 24 13 
1 30 15 25 13 16 21 14 25 23 11 26 15 25 13 22 16 22 12 24 13 23 14 24 12 23 15 25 12 26 12 22 
2 11 22 11 26 16 25 15 22 14 22 15 22 
2 19 24 15 23 21 11 25 13 23 14 22 12 24 12 23 16 23 15 22 16 
1 17 16 25 12 13 21 16 24 15 25 11 23 12 26 12 25 15 22 
1 28 12 24 14 26 15 22 14 24 13 23 16 25 11 24 13 22 12 21 13 24 15 26 15 25 13 22 12 26 
2 33 25 14 22 13 14 25 11 26 15 24 13 23 12 23 13 24 26 14 25 13 26 21 16 25 15 23 12 26 13 24 25 14 26 
2 27 25 14 22 12 15 25 16 24 14 26 12 25 23 14 22 15 24 13 21 14 25 16 24 12 25 15 16 
2 26 23 22 14 23 12 25 14 24 11 25 15 21 14 26 16 23 14 22 13 23 16 15 22 14 23 16 
1 36 13 11 26 15 24 14 21 15 25 12 22 12 24 15 23 13 24 15 16 24 12 25 13 23 14 26 15 25 12 24 13 25 14 15 22 16 
1 32 11 24 13 25 12 23 26 16 26 21 13 23 15 24 14 22 13 25 14 24 13 26 13 23 16 22 15 22 12 13 25 26 
1 10 14 21 11 24 14 25 13 22 14 26 
1 20 15 22 26 14 21 13 25 13 26 22 14 15 23 16 22 13 24 11 25 15 
1 15 13 11 25 12 22 16 22 13 25 21 14 22 15 22 16 
1 33 13 15 25 16 26 12 21 14 24 12 25 13 14 22 15 22 13 23 14 24 11 25 16 26 15 23 14 24 15 22 13 25 26 
2 20 24 13 14 21 15 25 16 22 11 26 16 14 13 12 24 16 25 15 23 10 
2 2 24 14 
2 30 26 15 21 14 24 13 23 16 25 14 23 12 26 12 24 25 11 22 14 25 13 24 14 23 15 24 12 25 23 16 
2 27 25 14 23 22 15 23 13 15 24 16 22 12 24 16 14 11 26 15 21 12 23 13 25 15 24 14 25 
1 15 16 23 13 14 25 13 21 15 23 11 24 15 26 12 25 
2 31 24 12 22 15 25 16 21 12 22 13 24 14 25 16 23 11 22 12 26 14 24 25 16 22 15 25 12 23 16 13 22 
2 40 23 24 13 11 22 14 25 14 22 15 23 21 12 22 15 25 14 24 16 25 23 12 25 13 15 24 14 26 16 26 24 12 25 14 22 15 16 13 24 14 
1 21 13 11 21 13 23 16 25 12 22 15 22 13 25 24 13 26 12 23 25 24 13 
1 27 14 26 13 23 26 25 12 21 15 23 16 26 14 22 13 23 14 25 12 26 24 13 25 15 22 12 26 
2 13 25 12 15 23 13 21 14 23 16 25 11 24 14 
2 20 21 13 16 22 11 23 15 22 16 14 23 15 26 14 22 12 25 13 26 22 
1 18 13 11 26 16 23 14 25 13 26 15 26 21 12 24 12 26 23 11 
1 40 13 15 23 14 26 14 24 11 26 21 14 22 16 25 13 23 15 26 14 24 13 25 23 16 23 15 26 12 22 15 25 24 16 23 13 26 13 25 24 12 
2 39 26 13 24 16 25 14 23 12 21 14 24 23 16 25 11 22 12 25 14 24 15 22 16 13 15 24 16 26 16 15 25 23 14 26 15 24 13 25 26 
1 16 15 25 14 24 15 23 25 26 13 24 12 21 11 24 14 23 
1 23 16 23 13 16 14 26 16 15 22 11 21 14 22 15 24 14 23 25 13 15 26 14 24 
1 30 13 12 22 14 21 16 26 14 25 15 26 11 24 15 23 16 24 13 25 14 22 12 25 14 24 13 23 15 23 16 
2 3 21 13 11 
2 32 21 13 15 26 12 15 25 14 24 16 26 11 23 13 25 16 12 15 22 13 25 14 22 16 26 13 22 12 24 26 25 15 
2 14 23 22 12 21 15 26 11 22 13 25 16 22 12 23 
2 15 24 15 21 16 22 12 16 15 24 25 14 22 12 23 11 
1 9 13 15 26 16 22 11 23 14 20 
1 25 11 25 16 26 14 21 16 12 23 16 14 26 25 12 24 15 23 13 23 14 25 15 16 24 12 
1 19 11 23 24 16 23 15 21 12 22 12 23 15 25 13 22 15 12 24 16 
2 16 26 14 24 11 25 16 23 12 22 16 13 22 14 15 21 16 
1 15 13 14 24 16 24 11 21 13 25 13 26 16 14 24 12 
1 25 11 21 16 23 13 25 16 12 22 13 26 15 24 13 23 12 22 16 26 14 25 15 26 13 26 
2 16 21 12 23 15 22 13 25 16 24 12 23 11 22 12 25 13 
1 28 14 26 16 21 13 25 12 26 24 16 23 12 26 14 13 14 24 16 22 11 26 24 12 23 13 25 13 26 
2 32 22 12 23 16 25 15 22 11 21 14 24 14 23 13 22 14 24 23 12 24 15 26 14 23 15 16 22 12 24 13 26 14 
2 31 22 13 12 26 11 24 13 26 23 14 23 15 21 12 23 16 24 14 22 12 24 15 25 12 25 14 23 13 26 12 25 
2 38 26 14 24 11 21 14 26 25 13 23 14 26 15 24 25 16 26 13 23 12 23 13 25 26 22 12 25 15 23 13 26 14 24 16 22 15 26 25 
2 21 24 16 25 11 26 14 21 15 24 12 22 13 23 14 22 16 25 23 15 26 22 
2 32 21 11 23 15 26 16 24 13 25 15 16 23 12 22 15 26 16 23 13 14 26 22 12 24 16 25 13 23 12 26 15 22 
1 34 11 25 16 24 15 25 13 22 15 26 16 22 15 24 14 21 13 23 16 26 24 25 13 26 12 24 16 15 22 16 13 23 14 24 
1 21 13 14 24 11 26 12 23 24 13 26 25 14 22 16 21 15 26 13 22 16 14 
1 17 15 26 16 23 11 22 14 21 13 25 13 23 14 16 22 12 26 
2 24 21 13 15 22 11 23 13 26 14 22 16 25 12 24 15 22 14 16 25 13 16 15 16 12 
1 28 11 24 15 25 14 21 16 23 13 25 23 16 14 24 12 26 12 22 13 24 16 25 15 24 16 14 16 15 
2 14 25 16 24 11 26 12 21 14 23 15 23 16 25 12 
2 22 25 16 24 15 23 14 25 24 11 26 12 21 15 23 13 22 16 23 14 22 15 16 
1 21 12 23 26 16 23 13 25 13 21 12 26 23 13 24 15 25 26 11 24 13 23 
1 12 14 25 12 16 22 26 11 23 13 21 16 12 
1 1 19 
1 8 16 25 15 21 12 16 23 12 
1 26 11 25 14 23 25 13 21 14 23 15 26 16 22 14 25 23 12 24 15 26 14 22 13 14 25 26 
1 24 12 25 13 24 12 26 12 25 13 23 26 25 15 25 11 23 13 22 25 14 24 16 23 15 
2 24 25 13 14 22 24 11 23 15 24 14 25 13 26 14 21 13 23 16 22 12 26 25 15 16 
2 28 26 16 21 13 25 14 22 12 23 15 26 16 25 11 24 12 23 14 15 16 22 13 25 14 23 16 15 16 
1 20 15 23 21 16 23 13 16 14 25 12 16 22 14 24 13 16 25 23 12 26 
1 33 12 22 11 21 14 22 15 26 14 25 14 24 14 23 12 22 13 26 15 25 13 24 16 26 12 23 14 22 13 23 15 24 16 
2 7 21 11 25 13 26 14 24 
1 32 13 12 23 21 11 23 15 25 12 23 16 24 16 14 23 15 26 14 24 15 12 25 12 26 22 13 25 12 24 15 23 16 
1 27 11 25 14 23 26 12 25 15 22 16 25 12 23 14 22 15 25 13 26 13 24 15 14 16 23 12 22 
1 22 16 23 11 22 21 12 16 15 25 13 26 16 22 14 26 22 12 25 24 13 26 14 
2 28 22 15 23 13 16 26 15 14 25 12 22 13 26 24 14 25 11 26 13 23 14 25 15 26 24 12 22 16 
1 25 15 22 26 16 23 12 24 11 25 12 22 15 22 14 25 16 24 15 26 13 24 16 12 23 15 
2 22 22 16 25 13 26 11 23 16 13 25 12 21 13 24 13 26 15 23 16 22 14 28 
2 16 25 14 26 12 23 26 22 11 25 23 15 22 14 12 25 13 
1 27 16 24 12 22 26 14 25 16 14 24 13 23 13 22 15 24 14 15 22 16 22 12 23 25 14 24 13 
2 28 24 15 23 25 12 11 21 16 25 15 16 14 26 13 23 24 12 22 13 26 15 22 16 25 14 22 16 15 
2 24 21 11 24 12 26 16 23 12 24 15 26 14 22 16 26 23 15 24 12 26 25 14 26 22 
1 17 13 12 25 12 24 15 22 25 24 13 23 14 26 13 22 16 24 
2 26 21 11 23 16 24 15 25 12 26 12 23 14 22 15 24 16 25 22 13 22 15 25 16 24 25 14 
2 18 26 12 16 24 13 26 22 11 21 15 26 24 22 13 26 25 12 26 
1 8 13 12 26 12 24 13 25 19 
2 14 25 14 24 11 23 22 13 24 15 24 12 23 15 26 
1 28 14 22 11 26 15 23 14 24 12 21 14 26 13 22 16 25 14 26 16 23 15 16 12 26 24 13 22 14 
2 31 26 12 13 25 14 23 12 25 16 23 15 25 26 13 23 14 24 16 25 11 21 15 23 13 24 16 14 15 26 16 25 
2 3 23 22 16 
1 20 14 22 16 24 15 21 11 24 16 13 23 13 22 12 23 15 24 25 12 26 
1 2 15 21 
2 24 23 25 15 22 24 11 25 21 16 24 13 23 26 15 13 22 14 24 16 22 15 25 13 26 
2 29 26 15 23 25 12 22 23 13 21 16 22 11 24 15 25 16 22 13 26 13 23 15 12 25 14 22 16 23 13 
1 31 14 23 25 12 13 21 15 22 14 25 11 24 15 12 26 13 15 16 23 24 13 25 14 23 15 26 13 22 16 23 12 
1 18 11 26 13 22 25 14 22 12 26 14 24 13 25 12 26 15 22 16 
1 11 12 22 13 24 12 23 16 25 11 23 12 
2 21 24 16 26 15 21 16 11 25 13 23 16 14 24 23 12 26 16 15 12 25 16 
1 28 13 11 25 15 22 25 14 24 12 21 14 25 24 16 25 15 24 16 13 23 15 12 24 13 25 26 12 24 
1 33 15 23 22 26 15 24 13 21 15 24 14 26 25 13 26 23 16 22 14 24 23 12 23 13 22 15 22 14 26 15 25 12 26 
1 27 16 21 15 25 11 22 12 23 13 24 15 13 22 14 24 16 23 24 15 26 16 14 22 12 25 14 26 
2 10 26 11 22 14 23 12 24 15 26 18 
1 32 15 24 12 22 25 16 26 14 24 25 23 13 24 12 22 13 21 16 25 14 16 15 23 24 11 22 13 25 16 14 23 15 
2 26 23 26 14 24 12 26 22 21 14 24 13 23 14 24 15 23 16 25 13 23 14 24 11 26 14 25 
2 35 23 26 12 11 25 13 24 12 22 25 24 14 23 13 24 15 25 16 26 12 21 16 14 15 13 22 24 14 25 12 26 12 23 25 16 
1 11 14 25 16 26 13 22 23 14 26 15 27 
1 12 13 15 26 16 25 12 26 21 15 24 14 23 
1 20 11 25 14 24 12 22 23 14 26 13 21 12 25 12 26 22 15 26 22 16 
1 29 15 25 16 26 11 23 14 25 16 13 26 14 22 15 26 23 12 25 24 14 25 15 13 21 15 24 12 23 16 
2 16 21 13 16 22 14 26 12 14 23 12 22 11 26 25 12 26 
2 20 23 25 14 21 13 26 14 23 13 24 11 25 15 23 14 22 15 25 13 26 
1 1 18 
2 11 21 12 22 23 16 25 15 24 16 26 19 
1 30 12 23 26 14 21 12 24 15 23 11 22 13 25 15 16 26 12 25 15 24 14 23 16 15 25 26 13 22 12 24 
1 27 11 22 14 23 15 24 14 25 14 26 12 21 15 23 16 24 26 14 25 22 13 24 15 16 25 22 14 
2 7 22 15 24 14 22 13 27 
2 11 22 11 21 14 23 13 22 15 23 16 28 
2 31 22 11 23 15 22 16 25 12 21 13 23 14 25 23 16 24 15 22 13 26 16 22 12 23 13 24 26 25 15 16 12 
2 11 22 15 26 13 23 14 25 15 16 21 16 
2 24 25 11 21 12 23 13 25 14 22 16 25 15 23 26 16 22 14 25 15 13 24 12 23 16 
2 22 21 11 23 14 24 13 25 16 24 14 25 22 12 25 15 23 26 13 15 12 23 16 
2 32 25 12 15 23 11 25 14 26 16 23 13 23 16 15 26 21 12 22 12 26 23 14 25 13 24 16 25 15 14 26 13 22 
2 33 26 16 25 15 22 12 25 14 22 15 16 24 11 25 14 21 13 26 12 23 12 25 14 15 22 16 23 13 16 14 22 15 16 
2 22 21 14 23 11 25 16 22 13 24 14 25 22 15 23 24 13 26 13 25 14 26 22 
2 26 22 16 25 11 23 15 25 12 22 16 26 13 22 16 24 14 25 24 13 23 16 12 24 15 23 16 
2 9 26 15 25 12 22 21 15 25 23 
1 37 14 21 12 23 15 24 13 22 11 25 13 23 16 25 14 26 12 14 24 23 16 24 15 22 24 16 13 25 12 23 14 24 13 26 14 25 26 
1 21 16 24 13 14 21 15 25 13 23 14 25 12 26 12 22 15 25 16 24 11 22 
2 16 24 13 12 21 11 26 13 24 14 24 12 23 15 24 12 24 
2 28 22 13 14 26 13 22 14 23 15 24 13 22 12 23 15 26 11 24 16 22 13 25 14 23 13 25 16 29 
2 23 25 15 23 25 16 24 14 21 16 11 25 22 12 25 13 24 15 22 16 24 14 16 15 
2 29 25 12 11 26 15 24 12 23 16 25 14 26 16 15 22 13 24 15 26 12 23 25 12 21 14 24 13 26 13 
1 25 11 25 14 21 12 26 16 24 14 25 22 13 23 12 26 12 24 15 24 13 25 14 22 12 26 
2 18 25 16 23 12 11 26 13 21 16 24 13 23 12 26 25 13 26 24 
1 21 14 22 11 23 15 24 14 25 15 13 23 12 22 13 26 15 21 12 24 13 23 
1 38 12 25 15 26 16 24 13 25 22 11 25 15 16 21 14 22 15 25 12 15 26 12 23 16 24 12 26 15 23 14 25 22 16 13 22 16 14 26 
2 30 24 11 22 13 21 16 25 13 22 12 26 13 24 15 26 16 23 14 23 12 22 16 14 25 15 23 16 12 24 12 
1 32 12 21 14 24 12 25 12 23 11 22 15 24 25 12 22 16 26 16 13 23 15 16 24 22 12 25 13 23 14 23 16 15 
1 15 12 25 11 23 25 15 26 13 22 15 16 26 12 24 19 
1 26 11 24 15 21 16 25 12 22 16 13 25 12 24 23 14 25 22 16 15 22 16 13 26 16 14 22 
2 2 26 15 
2 7 23 26 13 25 12 21 15 
2 21 24 15 21 12 24 15 22 11 23 16 24 23 13 22 16 14 22 16 15 16 12 
1 20 11 22 15 25 12 26 15 12 23 12 26 21 13 26 22 16 25 14 25 15 
2 19 26 15 23 22 25 11 21 14 26 12 23 15 24 15 22 12 26 25 26 
1 8 11 26 15 25 13 26 21 17 
2 11 26 15 23 24 13 25 15 22 23 13 27 
2 34 23 24 12 16 25 11 22 23 15 25 26 12 21 15 14 25 13 23 25 22 16 22 14 26 12 23 13 25 14 24 16 12 26 25 
1 24 11 24 15 21 16 25 12 23 12 24 25 22 15 25 14 24 12 25 13 22 15 16 23 14 
1 10 16 25 12 15 26 11 24 13 21 16 
1 17 16 25 12 11 24 16 12 22 24 13 22 16 14 25 15 21 16 
2 24 26 14 25 13 23 21 12 22 24 12 23 15 22 16 22 14 13 26 11 25 14 24 26 16 
2 35 22 16 24 15 25 13 26 16 23 13 24 11 22 15 25 13 21 14 26 16 23 15 25 22 12 25 15 22 13 26 14 24 16 22 15 
1 16 12 25 11 26 14 22 26 23 12 21 16 23 13 25 13 27 
1 3 13 14 22 
1 22 11 21 12 16 23 14 24 14 22 16 13 23 16 12 22 13 26 12 25 14 26 22 
2 21 21 11 25 16 24 12 22 13 23 14 26 15 23 16 26 23 14 22 13 23 14 
2 19 25 11 24 14 26 13 25 14 22 16 22 12 22 13 25 24 16 15 24 
2 7 24 16 21 12 22 15 27 
1 15 11 24 12 16 23 14 25 16 13 21 15 22 16 23 12 
2 26 26 15 21 14 23 13 25 11 26 12 22 12 26 25 14 24 13 25 15 26 14 23 15 24 12 25 
1 32 12 23 25 11 26 16 24 15 24 16 14 21 13 25 12 16 23 15 25 16 14 22 13 23 15 25 14 24 15 26 15 25 
1 27 15 24 12 26 14 22 13 22 16 22 15 24 12 21 11 24 14 23 14 25 14 22 15 23 12 22 16 
2 28 26 14 25 15 23 13 21 15 24 13 26 12 22 13 25 16 24 12 23 26 13 24 15 12 25 11 26 22 
2 28 23 21 16 24 13 22 15 26 11 23 22 12 25 16 24 15 26 16 12 22 13 23 14 25 16 24 15 26 
1 36 11 26 15 24 16 25 14 22 13 26 15 16 23 13 21 14 16 12 24 15 16 22 12 26 14 25 12 24 14 26 23 13 15 25 14 24 
1 5 16 24 11 22 25 
1 16 16 22 25 13 24 12 26 13 21 11 25 26 24 12 23 15 
1 23 16 22 25 11 23 12 26 12 25 13 25 15 25 16 23 14 26 15 22 25 12 23 16 
2 1 21 
1 20 12 23 21 16 24 15 25 13 26 16 23 26 22 12 24 13 25 14 22 16 
2 31 22 14 25 16 21 15 22 12 13 24 11 22 13 23 13 25 26 15 24 12 25 13 22 15 16 23 14 22 15 25 16 
2 13 26 14 23 22 11 24 12 25 12 23 13 21 14 
2 29 24 15 21 16 25 12 16 11 22 15 13 24 23 15 24 16 26 16 14 26 22 12 25 14 23 16 24 25 15 
1 26 13 16 24 11 25 15 24 16 12 21 16 15 24 14 26 16 12 23 13 26 24 15 22 16 25 26 
1 32 16 23 13 15 23 12 21 13 25 12 23 14 25 11 23 12 24 16 23 14 22 12 26 16 12 23 13 25 14 23 15 25 
2 12 21 15 22 13 16 23 11 22 12 25 16 26 
1 30 14 26 13 25 14 26 23 24 16 21 11 22 15 22 14 23 13 26 14 25 16 13 24 15 12 25 16 14 15 26 
1 29 13 14 24 11 23 26 16 21 12 25 15 24 12 22 14 25 16 22 15 24 13 23 16 15 25 12 22 13 26 
1 28 11 21 14 24 13 22 14 25 16 22 12 22 16 14 25 15 24 22 16 13 23 15 26 14 15 16 23 12 
2 6 21 16 24 12 13 27 
1 12 15 26 11 24 16 21 13 23 12 26 16 15 
2 36 26 11 25 12 23 25 13 22 14 25 16 26 13 24 15 25 12 22 13 24 16 14 25 15 23 16 26 13 21 14 23 15 12 25 22 16 
2 14 21 14 22 25 14 26 15 24 13 26 22 11 25 26 
1 23 12 26 11 23 26 25 16 26 24 13 22 12 23 15 26 13 23 14 25 15 21 14 24 
1 20 15 22 24 13 16 25 11 23 12 24 13 21 16 25 14 22 16 15 22 16 
1 27 14 26 15 23 12 15 24 14 25 11 21 16 22 13 24 22 15 25 23 14 15 26 12 24 14 25 26 
1 21 16 26 15 24 13 23 11 26 14 24 16 22 12 25 13 14 12 23 15 26 16 
2 28 26 11 23 25 15 24 12 21 16 25 13 24 25 16 15 14 26 15 16 24 13 23 14 24 15 26 25 26 
1 3 16 25 15 
2 1 26 
2 21 24 13 16 23 14 21 12 22 13 25 12 26 12 24 14 22 13 11 23 14 28 
1 24 16 26 15 25 13 23 12 24 12 26 14 23 16 22 12 25 15 23 16 11 26 14 24 13 
2 30 21 15 22 12 26 16 22 14 23 12 26 24 15 25 11 26 13 26 24 16 25 26 22 14 25 15 24 16 23 12 
1 17 14 25 13 14 24 16 23 15 22 12 11 26 14 15 23 16 24 
2 17 25 13 16 23 11 24 13 25 22 25 14 21 16 15 25 12 20 
1 5 15 22 25 12 13 
2 28 24 14 23 21 16 22 11 23 12 13 26 13 25 14 22 16 26 24 12 23 14 24 13 25 14 26 12 22 
1 4 13 16 26 14 
2 16 21 11 22 26 12 25 15 22 14 23 15 12 25 26 16 29 
1 26 14 22 12 24 14 25 12 21 14 24 15 24 11 22 16 24 14 26 16 15 25 12 22 13 22 18 
1 22 16 26 13 25 14 22 12 23 11 21 13 25 16 22 14 15 24 16 25 22 12 26 
1 0 
2 10 21 13 15 26 12 15 24 11 22 18 
1 21 12 26 15 25 14 21 13 22 12 26 24 13 23 16 23 12 22 13 25 11 26 
1 30 15 26 13 25 15 23 21 12 25 26 16 25 11 24 12 25 14 23 16 15 26 16 15 22 14 24 23 13 25 16 
2 27 25 11 24 14 23 22 25 12 21 16 25 15 24 13 25 23 25 16 22 14 26 14 23 13 25 24 19 
1 27 13 15 23 11 25 16 25 12 24 12 21 14 22 16 15 26 13 22 16 23 14 25 12 24 26 12 25 
1 33 11 22 14 22 12 16 22 15 22 16 14 21 13 22 14 24 13 25 16 26 14 23 16 25 15 26 14 25 13 23 15 24 10 
1 18 14 24 12 22 11 23 15 26 12 24 21 16 24 15 26 13 23 26 
1 22 15 21 14 22 15 24 11 25 13 23 16 26 14 23 16 24 22 12 26 25 14 26 
1 2 13 22 
1 39 11 22 15 26 12 21 16 25 14 26 25 13 24 14 25 15 22 13 25 16 26 13 23 13 22 16 12 26 25 14 16 15 23 13 24 13 25 12 26 
1 39 12 24 14 23 21 16 23 13 22 11 24 14 23 15 23 13 25 15 26 16 23 14 22 13 25 23 14 26 24 12 15 22 13 26 23 14 25 26 24 
1 11 16 24 12 21 13 24 16 14 22 16 29 
2 25 22 14 23 16 23 12 22 15 26 12 24 15 21 14 25 16 22 12 23 24 26 15 12 25 26 
2 5 21 15 23 16 22 
1 27 11 23 25 14 26 15 23 12 21 13 25 23 16 24 15 22 13 23 14 24 12 22 15 26 16 22 12 
2 21 26 12 11 25 12 22 15 21 14 26 16 25 15 26 13 23 15 13 25 12 24 
1 3 12 26 17 
2 5 23 26 13 21 19 
1 5 12 21 14 25 14 
2 30 24 14 23 21 16 25 12 11 23 14 12 26 13 24 15 24 12 23 16 22 14 16 15 24 26 12 23 13 24 14 
2 2 22 15 
2 28 24 12 22 13 21 14 23 11 24 25 14 26 16 25 14 26 12 13 24 15 25 16 24 14 16 13 23 15 
2 35 23 26 16 21 12 13 23 16 22 15 22 11 26 24 13 25 14 23 26 12 25 24 16 23 14 25 13 26 15 22 12 25 26 24 16 
1 1 12 
1 10 15 23 25 14 22 25 12 16 23 16 
1 15 11 21 13 22 24 15 26 14 22 15 16 22 13 24 14 
1 27 12 21 14 25 16 23 12 24 11 25 14 22 13 26 15 23 12 25 13 26 15 14 24 22 16 23 15 
2 24 22 15 23 16 22 14 24 15 11 23 16 21 14 26 13 23 12 24 26 22 15 25 12 26 
2 16 21 16 22 11 23 14 25 12 24 16 26 12 22 15 24 16 
2 30 23 26 12 13 22 26 24 13 26 21 12 25 13 22 11 24 15 26 12 22 16 23 14 26 15 22 12 25 16 26 
2 16 21 14 25 11 26 15 22 12 26 23 12 22 15 26 25 26 
2 20 21 11 24 14 26 14 25 13 23 15 26 12 25 14 13 23 16 26 15 16 
2 28 24 13 15 26 13 22 25 12 24 15 21 16 24 11 25 22 14 25 13 24 15 14 23 12 24 13 25 26 
2 6 24 16 25 12 14 27 
1 32 14 22 11 23 13 24 15 21 12 24 16 25 16 12 22 13 15 24 16 25 26 14 22 13 24 16 23 12 26 24 15 16 
2 26 21 11 22 24 15 25 13 23 15 14 22 15 26 16 22 15 23 25 14 26 12 24 12 25 13 26 
2 7 21 12 25 16 26 11 24 
1 30 13 15 22 24 11 26 14 22 16 25 13 22 14 24 15 23 12 25 22 13 26 16 21 14 23 13 24 16 12 25 
1 3 12 26 16 
2 26 26 13 24 12 11 23 22 15 21 16 22 14 26 12 25 12 22 14 26 23 12 25 16 26 13 16 
1 26 13 16 21 11 23 13 24 12 26 15 26 24 12 22 14 26 15 22 12 24 16 25 15 22 16 26 
1 11 11 26 14 24 13 22 16 21 15 23 15 
1 19 15 21 16 22 12 11 25 14 24 15 23 16 26 16 12 13 25 15 25 
2 33 26 12 11 24 15 26 22 25 13 23 14 25 23 13 22 16 23 15 16 12 26 14 25 22 12 21 13 23 14 26 24 15 25 
1 29 13 16 22 21 15 22 12 26 13 23 16 25 12 26 15 22 11 23 16 14 26 22 13 15 23 14 24 14 26 
1 29 13 14 22 24 16 21 12 14 25 15 25 12 26 14 23 13 22 15 26 24 11 26 25 14 13 23 16 23 15 
2 6 24 11 25 12 21 18 
2 17 23 21 11 22 24 15 23 14 24 15 22 16 24 13 25 12 20 
1 27 11 25 12 24 15 25 14 23 15 24 12 21 16 22 13 26 12 24 15 13 22 16 25 12 26 14 22 
2 9 21 16 25 14 23 13 24 13 28 
2 26 26 14 25 15 23 13 22 26 14 21 11 23 15 24 16 25 14 15 12 25 15 26 12 23 13 22 
1 18 13 15 22 21 16 26 11 25 14 26 25 13 23 13 26 22 12 23 
1 4 11 24 12 16 
1 26 13 15 22 26 12 15 25 12 24 14 24 16 26 12 23 13 25 15 21 14 24 26 12 25 13 23 
2 14 23 21 16 25 13 26 12 23 13 24 16 25 11 26 
1 8 13 14 22 26 12 15 24 12 
2 27 25 12 14 23 21 11 22 15 24 15 25 14 26 15 14 23 16 22 13 23 14 22 16 15 12 25 16 
1 22 11 26 14 23 21 12 23 13 24 15 22 14 13 23 16 23 14 22 15 25 12 26 
1 26 12 25 16 23 11 25 13 24 13 21 14 24 15 25 12 22 12 25 16 26 14 13 23 16 26 24 
1 11 16 23 15 22 13 16 25 12 13 23 10 
1 16 16 22 21 11 24 14 26 15 23 16 25 12 23 15 13 23 
2 29 24 15 21 16 23 14 22 15 23 11 25 15 24 16 23 12 26 16 12 22 13 25 24 15 14 26 23 15 22 
1 34 11 24 14 23 24 15 24 16 26 13 21 15 12 23 15 25 16 26 24 15 22 15 23 16 26 12 25 13 16 14 23 16 15 16 
2 36 25 13 15 24 14 21 15 24 16 24 12 14 23 15 12 26 11 25 12 22 14 24 15 25 22 12 26 13 26 24 12 25 23 16 23 15 
1 28 15 23 22 24 14 25 15 13 22 14 21 16 25 11 23 26 12 22 16 25 23 14 16 13 26 24 14 25 
2 22 21 15 24 14 22 15 25 14 23 11 26 16 23 14 22 15 25 23 13 22 14 26 
1 27 12 24 11 21 16 25 13 22 12 25 15 22 13 26 13 24 12 23 13 26 16 22 15 16 14 23 12 
1 19 16 22 21 13 15 26 16 23 13 26 22 14 24 11 26 25 15 26 22 
2 29 22 13 16 22 14 26 11 25 15 25 13 22 15 24 13 23 12 22 13 23 14 25 16 21 12 23 15 22 16 
1 20 15 21 16 24 11 26 13 23 12 22 13 23 15 12 25 13 24 25 14 26 
2 15 21 15 25 13 22 16 22 15 24 13 25 12 26 14 27 
1 1 17 
2 22 26 15 23 22 26 12 15 25 14 23 13 23 11 21 12 23 15 24 15 25 13 26 
1 35 13 11 25 13 22 16 23 15 24 15 23 12 22 13 23 14 24 22 16 25 15 23 13 24 16 14 22 12 26 13 25 21 16 12 20 
1 7 14 23 25 11 26 12 29 
2 18 23 21 12 26 14 24 13 22 11 26 13 25 12 15 24 13 22 17 
2 21 25 13 15 24 14 22 11 23 12 26 14 13 22 12 25 16 22 15 23 16 25 
1 32 15 26 14 22 24 11 26 16 21 13 22 16 12 25 12 22 14 26 24 25 15 26 16 24 13 23 13 24 14 12 25 26 
1 30 13 12 25 12 22 15 24 14 21 11 26 14 23 14 25 12 16 25 14 26 15 23 12 24 12 22 25 12 23 16 
1 32 16 24 11 23 13 25 13 21 14 26 16 22 13 25 15 24 16 14 25 23 24 15 22 12 26 15 23 13 22 16 25 26 
2 22 25 15 23 26 15 25 11 22 24 16 23 14 24 13 25 15 14 23 13 26 13 24 
2 25 24 12 22 13 24 11 26 14 24 15 24 12 25 12 22 13 26 16 26 22 14 25 15 24 16 
2 36 22 14 26 13 24 12 23 14 15 24 11 23 14 22 16 26 12 22 13 15 24 14 25 15 12 21 16 26 23 24 26 14 22 13 25 26 
2 33 24 13 12 25 12 26 11 22 13 24 14 24 15 24 12 23 16 25 12 26 16 12 23 15 22 14 15 23 16 24 13 26 25 
1 5 14 22 16 23 14 
2 17 26 12 13 25 15 21 14 26 22 15 23 14 26 24 12 25 26 
2 26 23 21 16 24 11 23 13 22 12 26 12 25 15 22 13 12 23 15 25 26 12 24 13 25 14 26 
1 26 13 14 22 23 11 24 14 26 13 25 13 26 21 12 24 13 23 16 25 14 22 15 24 16 22 12 
1 11 15 26 12 11 21 13 24 15 22 16 20 
1 9 12 23 25 13 26 11 24 16 21 
1 6 12 24 16 26 14 26 
1 27 13 12 24 11 22 15 24 12 23 16 21 12 24 23 13 15 26 12 25 12 23 15 13 16 22 15 26 
1 19 11 25 12 26 12 23 24 16 22 25 14 26 12 24 26 25 15 22 16 
2 33 22 13 11 25 12 24 14 24 16 21 13 23 15 25 16 12 22 13 24 14 22 15 12 26 14 25 13 24 12 23 25 15 16 
2 29 21 15 22 14 24 12 16 24 14 25 15 23 12 26 15 25 13 25 15 24 16 25 23 12 24 11 25 14 26 
2 22 21 11 25 13 22 16 24 12 23 13 26 16 25 15 26 12 25 13 23 14 25 16 
1 8 11 22 15 26 13 25 12 27 
2 8 24 13 14 22 23 15 25 14 
1 7 12 26 16 22 24 13 26 
1 1 10 
2 18 25 12 11 21 16 26 14 24 15 22 14 26 25 13 23 15 14 20 
2 21 23 26 15 25 12 21 15 24 11 23 13 26 16 25 15 26 14 22 15 24 16 
2 4 23 21 14 23 
1 5 11 25 12 22 10 
2 25 22 15 24 16 23 11 22 14 25 15 14 22 13 21 15 23 14 24 16 26 15 22 12 25 26 
2 35 22 11 21 15 23 13 25 14 23 12 22 23 16 22 15 23 14 26 16 24 13 15 25 14 15 22 16 22 12 26 13 24 14 23 15 
2 9 24 12 23 26 13 21 14 25 15 
1 15 16 25 15 24 13 15 23 14 25 24 15 26 15 21 15 
1 27 15 21 13 12 25 12 23 13 24 12 22 11 25 16 26 16 13 12 22 16 13 23 15 22 14 25 16 
1 17 15 26 16 24 11 22 13 23 16 15 22 14 26 12 22 16 15 
2 33 24 15 26 12 16 24 14 21 15 11 24 14 25 16 23 15 25 13 23 15 24 25 22 13 23 12 24 15 14 22 13 25 26 
2 27 23 25 16 26 13 21 12 24 12 23 11 25 24 14 22 12 25 13 24 16 22 14 23 24 15 22 16 
1 33 14 26 15 24 16 23 12 25 13 24 16 26 12 25 11 22 13 23 12 25 24 13 26 14 23 16 15 25 26 23 12 24 16 
2 30 26 15 21 12 11 25 16 24 15 14 22 15 23 12 16 26 12 24 13 26 22 15 12 25 13 26 24 16 23 12 
1 31 11 21 12 13 25 15 25 14 24 15 25 14 23 16 24 13 26 15 13 25 14 12 22 16 24 13 22 15 12 26 16 
1 25 11 24 15 22 24 13 21 12 14 24 13 25 14 22 16 24 13 25 22 12 26 13 23 12 24 
1 24 12 23 25 11 21 14 24 12 22 16 25 22 13 22 15 22 14 23 14 25 16 26 12 22 
1 25 15 21 16 23 11 26 13 22 16 13 25 13 24 14 26 13 25 22 16 15 23 24 14 22 16 
2 23 23 25 11 26 16 24 14 23 12 23 15 24 25 14 21 16 22 13 24 14 25 15 16 
2 14 21 13 16 22 14 24 14 23 11 25 16 24 14 26 
2 33 23 25 13 22 11 25 14 22 12 21 14 23 25 16 22 15 25 22 13 23 26 13 24 12 22 15 13 25 14 23 15 26 16 
1 14 15 21 14 22 12 24 13 23 12 25 14 24 12 26 
2 7 24 11 23 21 14 24 19 
2 31 23 25 12 13 24 15 26 16 23 13 22 14 26 16 12 24 12 21 15 24 16 14 23 13 24 14 25 11 26 14 22 
1 31 15 23 25 12 14 21 16 23 11 25 24 14 25 13 22 16 15 26 14 24 23 12 22 15 25 23 13 24 26 12 25 
2 30 25 11 22 14 22 15 24 16 26 13 21 14 23 13 22 12 24 13 23 14 25 16 24 12 25 26 16 14 13 22 
2 30 21 16 23 15 25 16 11 22 12 25 14 22 16 15 26 12 24 14 26 25 15 13 26 23 24 15 22 12 26 16 
1 18 15 24 11 25 14 22 12 26 13 25 16 24 22 14 26 12 25 26 
2 11 25 11 21 14 24 13 23 14 22 16 28 
1 7 16 21 15 25 16 11 28 
1 27 13 14 21 16 23 15 24 15 25 11 22 12 26 16 22 15 25 16 14 24 12 26 22 13 25 15 28 
2 24 23 22 15 26 13 21 16 23 11 24 13 26 25 13 22 14 22 12 24 16 25 22 14 26 
2 11 23 25 16 24 11 21 14 22 12 24 15 
2 29 21 13 15 24 14 26 16 23 15 24 14 25 15 26 12 22 12 26 25 13 24 15 23 16 23 14 15 24 16 
1 31 16 21 12 23 12 25 13 26 16 13 23 12 22 12 26 23 14 24 14 26 16 22 13 25 14 26 23 15 22 16 12 
1 29 12 22 16 22 13 25 12 24 14 23 14 21 15 26 11 25 12 14 16 22 13 23 14 26 15 22 16 25 12 
1 25 15 21 16 26 12 15 24 14 22 13 23 15 16 24 11 23 14 16 15 25 16 12 26 14 22 
1 13 11 26 13 25 16 24 15 26 14 21 15 22 14 
1 21 13 12 25 16 26 11 25 12 24 12 22 24 13 25 15 23 13 25 22 16 26 
1 6 11 24 15 22 24 10 
2 24 23 24 13 14 21 12 15 22 16 24 14 22 11 26 13 23 12 24 16 25 12 22 13 26 
2 22 23 24 13 16 25 15 26 12 23 15 11 24 16 25 14 22 16 13 15 16 23 14 
1 22 14 25 16 22 25 11 26 15 21 14 24 15 14 22 13 23 16 23 14 25 15 25 
1 23 12 21 16 23 13 24 14 22 13 24 16 25 16 11 26 15 22 13 23 25 26 12 22 
2 27 25 16 24 12 11 23 12 26 12 22 26 25 14 24 26 16 25 15 22 16 13 24 26 14 23 15 16 
2 24 22 15 25 12 11 23 14 24 13 22 15 23 16 21 12 23 13 26 16 13 22 12 23 15 
2 5 23 25 14 26 15 
2 25 21 14 24 12 16 26 12 25 11 26 22 14 23 13 24 12 22 13 25 16 23 12 26 12 24 
2 32 23 26 16 22 26 21 15 24 16 13 22 16 11 23 24 12 22 14 23 16 24 15 26 12 25 12 26 22 15 24 14 23 
2 10 22 14 25 13 23 16 24 12 22 10 
2 27 26 14 22 15 24 12 26 25 16 26 14 22 13 24 15 25 22 12 26 23 14 25 16 24 15 13 26 
1 13 11 21 13 24 15 26 12 25 16 26 15 25 12 
2 21 25 13 16 22 24 13 21 14 24 15 25 11 24 16 23 15 25 13 26 13 24 
1 26 16 24 11 25 13 22 15 26 14 21 16 22 13 23 13 26 25 15 26 24 14 25 16 26 13 22 
1 18 11 25 13 26 15 23 13 24 12 21 14 23 15 13 26 16 26 12 
2 6 24 15 23 22 21 11 
2 29 22 15 26 12 16 25 15 22 14 21 12 23 13 22 14 24 16 25 13 22 15 23 12 25 14 16 22 15 26 
2 21 22 16 25 11 21 12 23 16 14 26 16 22 15 22 14 25 26 13 25 16 23 
1 16 14 25 11 23 22 14 25 24 15 21 13 22 12 26 14 21 
1 22 15 23 24 16 25 12 26 11 22 13 23 12 24 14 26 13 24 15 24 16 21 14 
2 32 22 15 22 16 21 12 26 13 25 16 14 24 16 14 22 12 23 12 25 12 26 12 24 16 13 23 14 24 15 26 23 16 
1 1 18 
2 32 26 11 21 15 24 14 26 23 15 25 13 26 16 25 12 22 14 23 25 24 12 26 15 24 12 25 26 22 14 23 13 24 
1 6 16 26 15 25 13 25 
1 29 11 21 15 24 13 26 12 23 15 12 24 14 26 23 15 22 16 26 13 15 22 16 25 16 15 26 23 13 26 
1 16 16 23 12 21 13 25 16 14 23 15 25 13 23 16 22 12 
1 26 11 25 13 22 16 22 15 25 16 12 26 15 16 23 14 24 14 23 13 12 22 13 26 15 24 10 
2 7 25 14 26 16 23 15 20 
1 24 14 25 11 22 14 23 15 22 13 24 16 22 13 24 12 22 15 13 23 14 21 15 23 16 
1 6 14 21 15 24 12 13 
1 29 12 26 13 25 11 22 26 16 23 14 25 13 23 12 24 16 25 15 26 13 24 16 21 15 22 25 12 24 17 
2 18 22 14 21 11 26 15 25 14 13 26 24 13 26 23 16 26 15 29 
2 34 26 15 21 16 22 14 26 23 15 25 15 26 12 23 11 24 12 25 13 22 16 25 22 15 22 16 14 24 25 15 23 16 24 12 
1 17 13 16 23 11 26 15 23 12 22 15 26 23 14 22 13 24 17 
1 6 16 23 15 26 11 29 
1 9 11 22 12 15 21 13 23 15 25 
1 12 11 21 13 22 23 16 25 13 22 14 25 14 
2 13 25 15 22 21 12 11 24 13 23 13 24 12 25 
1 29 14 21 12 26 14 24 11 25 16 23 14 22 13 22 16 15 26 14 25 15 23 26 12 24 12 25 26 14 22 
1 34 13 14 25 12 11 22 24 14 21 13 25 16 25 12 22 13 26 16 12 24 25 15 22 13 25 16 14 23 16 25 12 26 13 22 
2 33 21 16 26 12 13 24 14 26 22 12 25 11 24 13 23 13 24 16 25 22 14 22 15 23 16 26 12 13 24 14 15 22 16 
2 29 25 16 22 23 11 24 14 25 16 13 26 16 22 15 23 13 24 12 23 15 26 13 25 24 14 21 16 24 15 
1 35 16 23 13 14 21 15 22 12 11 25 13 12 24 15 26 13 23 24 12 22 16 24 14 26 12 25 12 26 24 16 15 23 16 14 24 
2 13 23 25 15 26 16 23 12 24 13 23 15 24 19 
1 5 15 26 11 21 15 
1 13 12 22 11 25 12 26 14 24 12 23 16 24 14 
1 33 11 24 16 25 15 22 13 21 12 26 14 25 13 23 13 24 15 24 16 25 12 22 26 12 23 14 24 22 13 26 25 14 26 
2 4 26 16 25 16 
1 2 13 23 
2 25 25 14 26 11 21 16 23 12 24 16 15 24 16 13 22 16 15 26 12 23 26 24 25 12 26 
2 19 23 21 13 15 22 11 24 14 26 12 23 22 16 24 13 14 15 22 16 
1 5 11 25 12 23 11 
2 19 22 12 23 13 24 11 25 15 23 12 25 13 16 23 14 25 21 15 16 
1 16 13 14 26 11 25 15 24 13 26 16 24 14 23 15 26 12 
1 18 16 22 25 13 23 14 26 11 25 15 26 22 14 25 16 24 12 29 
1 22 16 21 11 22 15 26 13 23 12 22 14 22 13 25 15 23 25 16 22 13 23 12 
1 15 15 26 14 21 12 13 25 11 26 23 13 22 15 26 14 
1 23 11 26 16 23 15 24 14 26 13 23 16 25 15 16 12 21 15 24 16 23 13 26 24 
1 23 11 25 12 21 16 23 13 25 15 23 12 24 12 22 15 24 16 22 14 23 13 24 14 
2 15 23 22 12 23 14 21 13 23 11 24 14 12 26 15 20 
1 21 15 26 12 15 21 14 24 16 22 13 24 14 22 15 26 12 25 16 26 23 13 
1 27 12 21 16 25 11 24 13 25 16 14 26 15 25 14 23 13 26 15 12 22 16 25 24 14 26 12 26 
2 7 21 14 26 12 14 22 25 
2 30 22 15 25 13 26 14 22 16 26 21 13 23 15 26 25 11 24 14 12 22 16 26 13 16 14 25 22 15 22 16 
1 15 11 24 12 15 24 14 26 12 22 13 24 15 14 21 16 
1 25 14 25 11 22 15 22 16 21 13 26 14 12 24 13 22 12 24 16 25 15 26 16 13 22 12 
2 14 24 11 23 21 13 23 12 14 22 15 23 16 22 13 
2 27 25 13 14 21 16 22 12 13 24 13 26 16 13 23 15 26 14 23 12 24 22 15 11 26 25 12 26 
2 9 24 14 23 24 12 22 13 25 13 
1 31 11 26 14 23 24 12 25 13 23 16 21 15 23 14 15 25 16 24 13 26 12 25 16 22 13 25 15 26 16 24 12 
2 16 22 14 21 12 25 14 23 12 26 14 24 12 25 22 11 26 
1 21 14 26 16 23 12 16 13 26 25 16 14 21 15 26 12 23 16 13 25 26 22 
2 23 26 14 22 12 15 23 16 25 12 23 14 11 22 12 23 16 13 25 14 23 15 22 16 
2 8 23 21 14 24 13 26 12 23 
2 1 20 
1 13 12 21 14 25 15 24 13 23 13 25 24 12 26 
1 19 14 21 16 25 12 16 14 23 15 25 26 13 22 12 23 11 25 26 15 
2 21 24 12 22 16 25 15 26 11 23 14 22 15 23 13 22 16 26 23 15 22 14 
2 15 25 14 23 21 12 15 24 14 25 16 22 12 23 25 15 
1 30 15 22 23 12 25 13 24 14 23 13 25 11 22 14 21 16 22 15 25 13 23 12 22 16 14 26 12 25 14 22 
2 28 21 12 23 15 25 14 26 14 24 15 23 11 22 13 25 12 24 25 15 26 13 23 16 22 14 25 16 15 
2 23 26 14 21 11 23 13 22 14 25 15 22 16 23 24 13 22 12 26 15 23 14 22 18 
2 20 21 13 11 23 15 24 12 22 14 25 16 26 14 25 15 24 25 12 26 16 
2 23 23 21 13 12 23 13 22 23 15 23 14 22 16 25 12 23 16 14 22 15 26 13 25 
1 34 12 24 16 24 15 23 12 21 14 24 11 25 12 22 13 23 14 26 12 22 15 25 16 22 13 24 25 26 12 23 13 25 14 24 
1 29 13 14 24 12 23 26 14 24 16 21 11 25 14 22 13 15 22 12 13 26 16 25 26 23 14 26 25 15 22 
1 20 12 22 11 26 14 24 12 26 21 16 22 13 23 12 22 13 26 25 13 26 
2 29 25 12 13 26 13 23 22 15 25 26 11 21 14 23 26 15 25 24 13 22 15 16 26 12 23 14 25 22 13 
2 34 26 12 14 21 11 22 15 25 13 22 12 24 16 25 24 12 23 13 16 26 15 22 16 12 25 13 24 14 26 22 15 23 24 16 
2 4 23 24 15 24 
2 15 26 13 21 16 24 15 23 16 12 25 16 11 26 12 24 
2 31 22 15 25 12 15 23 11 21 13 23 16 24 16 15 12 23 14 26 13 25 13 22 25 12 23 13 26 12 24 26 25 
2 9 26 11 21 13 24 14 26 22 15 
2 23 24 11 25 14 21 16 22 15 22 16 12 23 14 25 16 26 14 24 15 25 12 22 16 
2 36 21 12 23 13 25 12 26 16 22 12 26 25 24 13 23 15 24 16 26 14 25 11 22 15 16 26 13 24 15 23 14 24 12 25 14 26 
1 30 15 26 16 23 13 24 14 25 11 26 15 21 14 23 15 24 12 22 14 24 16 22 15 13 16 23 25 12 26 15 
2 22 24 12 25 16 23 15 21 12 24 23 11 22 12 24 16 13 23 15 24 14 22 19 
1 28 11 25 13 22 14 22 12 23 14 25 21 15 26 12 25 14 24 13 22 12 23 16 23 12 25 15 22 14 
1 30 13 15 24 16 24 11 22 14 26 13 21 14 24 15 25 16 23 16 12 22 14 13 25 26 12 24 16 25 13 23 
1 21 15 24 11 22 24 16 22 13 26 13 24 16 15 12 23 13 26 25 16 24 15 
1 19 13 12 22 13 25 14 22 16 22 15 24 14 22 13 25 15 21 12 27 
1 19 15 26 11 25 14 22 12 23 13 25 22 15 14 24 13 21 12 22 16 
1 29 15 23 24 16 26 11 22 13 23 15 22 16 26 25 15 21 13 24 12 26 22 13 23 16 24 15 25 26 22 
2 18 23 26 14 25 16 21 13 22 11 26 23 13 24 16 14 26 25 26 
2 19 21 15 23 12 25 12 26 15 11 22 16 24 13 22 12 24 16 15 16 
1 30 12 23 26 13 21 11 24 13 26 23 16 24 12 22 15 23 14 24 13 23 15 22 16 25 15 24 12 26 12 23 
2 26 21 16 25 12 15 22 16 23 12 26 14 22 12 24 14 25 11 23 13 23 14 25 16 23 12 24 
2 38 23 26 16 25 11 22 23 13 23 12 22 14 22 16 23 15 23 13 25 12 24 15 26 16 25 13 12 22 16 15 13 25 16 14 22 15 23 16 
1 23 11 26 16 25 13 24 15 21 14 24 12 22 15 26 12 23 14 26 25 13 22 15 26 
1 32 12 21 14 23 15 22 11 25 14 26 15 24 16 26 15 25 23 13 22 16 14 16 12 26 14 25 24 13 23 15 24 16 
2 26 26 13 25 12 26 22 11 25 14 23 13 24 15 25 12 24 16 23 14 15 26 12 22 16 25 26 
1 33 11 25 13 23 22 14 26 13 24 13 25 16 25 14 12 23 24 16 26 15 26 24 14 22 13 23 16 24 15 14 25 13 26 
2 31 21 15 22 11 26 12 24 13 26 24 15 22 14 22 12 23 12 25 12 24 13 16 25 24 12 26 15 23 16 12 22 
1 19 14 21 12 23 11 24 16 26 12 22 14 25 14 23 12 24 25 16 26 
1 18 11 25 13 26 12 24 13 23 21 16 24 25 12 26 13 23 12 24 
2 14 25 14 21 11 23 16 25 13 23 16 14 22 12 26 
1 5 13 15 25 16 25 
1 33 16 21 15 25 12 11 22 12 26 12 24 16 25 23 13 25 26 16 15 22 16 14 22 16 13 24 15 25 23 24 12 25 26 
2 19 24 15 23 22 25 16 21 14 24 12 15 23 16 25 24 11 26 15 22 
2 36 24 11 22 13 23 16 26 15 21 12 24 12 23 13 25 13 22 15 26 12 25 16 24 22 13 25 23 14 23 12 25 24 25 15 22 16 
1 30 12 25 16 26 13 24 16 12 21 15 25 14 26 11 25 13 23 16 22 15 24 16 14 26 16 15 25 13 23 14 
1 10 13 14 25 12 14 23 26 11 22 21 
1 13 14 25 13 15 22 21 14 26 14 25 22 16 21 
2 30 21 12 25 11 26 16 23 15 23 12 24 15 13 26 15 22 16 22 14 26 15 23 16 24 12 22 15 25 15 26 
1 18 13 12 22 15 23 11 26 15 25 14 23 13 12 24 15 26 13 25 
2 21 23 25 13 21 11 26 12 24 16 24 14 24 16 13 16 12 26 23 15 22 16 
1 27 16 22 24 12 14 23 16 24 15 25 15 21 11 26 14 12 24 16 22 13 24 16 14 22 15 25 16 
2 8 23 22 13 14 26 12 13 28 
1 29 16 26 14 25 12 22 24 12 23 13 22 11 21 16 26 14 15 23 22 16 23 13 24 14 26 12 25 14 26 
1 23 12 25 16 22 21 13 26 15 24 11 26 23 13 15 22 16 24 12 14 24 16 23 13 
2 27 23 22 15 21 12 25 14 26 16 22 13 26 16 15 22 14 24 13 26 25 15 14 26 23 15 26 12 
1 26 11 25 12 26 16 22 21 14 23 12 22 15 24 13 25 16 23 25 14 26 15 22 25 16 24 22 
1 23 14 23 22 13 16 23 11 24 15 24 16 12 25 14 22 15 26 14 21 12 24 16 20 
2 17 26 14 23 21 16 22 15 24 13 22 11 26 16 25 15 26 22 
1 30 11 21 12 16 23 14 22 13 24 15 26 16 25 16 14 23 22 16 15 26 16 13 24 26 25 12 14 23 13 26 
2 9 23 21 12 23 11 24 12 26 17 
1 19 16 21 15 23 11 22 14 25 12 23 13 26 15 24 13 22 12 24 15 
1 23 11 24 16 26 15 21 16 14 23 14 25 12 23 16 22 14 13 22 15 22 14 23 16 
1 5 11 23 24 13 27 
2 31 22 15 25 13 26 14 24 16 24 13 25 11 26 13 22 14 24 12 24 15 21 13 23 12 26 25 13 24 25 14 26 
2 0 
1 2 15 22 
1 29 15 23 24 12 11 21 14 22 12 24 15 25 15 23 16 22 12 23 13 26 13 22 16 15 25 14 22 15 26 
2 30 24 15 21 13 15 24 11 22 13 25 12 26 13 24 16 24 15 26 23 14 26 13 24 16 25 13 23 12 26 22 
1 23 14 21 11 25 13 23 16 24 15 23 16 13 25 13 24 12 23 14 23 13 26 16 25 
2 19 23 22 12 24 12 23 13 21 14 24 15 22 11 26 14 25 14 24 11 
2 31 25 15 22 24 16 25 22 14 21 16 11 23 15 12 25 15 26 16 22 12 24 15 26 23 14 24 15 25 16 26 23 
2 28 25 12 14 21 13 24 14 23 15 24 11 23 16 24 13 23 14 25 15 26 14 22 13 23 16 24 12 25 
1 23 13 11 23 24 12 21 14 25 16 24 22 12 23 26 12 22 14 13 25 14 22 12 26 
2 5 24 11 21 13 25 
1 18 16 22 25 12 16 13 21 16 14 23 14 24 15 26 11 22 16 22 
2 31 22 12 25 12 21 14 26 13 24 13 23 13 24 11 22 12 26 14 23 16 26 23 13 22 15 24 13 22 12 23 16 
1 11 14 25 12 13 23 26 12 21 11 24 14 
2 3 23 22 14 
2 37 24 12 22 13 23 14 24 16 21 15 26 16 25 11 23 24 14 15 25 22 13 23 12 26 14 12 25 13 24 16 23 15 22 14 24 25 16 
1 34 12 23 21 11 22 23 15 22 13 23 15 22 14 24 12 26 13 22 16 26 24 14 25 14 23 26 16 13 24 15 23 12 22 16 
1 5 14 23 26 12 28 
2 22 21 15 24 14 26 12 23 16 22 15 14 23 16 24 11 26 14 25 16 15 26 22 
1 19 13 16 26 14 21 15 22 11 26 24 15 26 23 16 25 15 22 12 26 
2 2 22 18 
1 24 14 26 11 23 25 15 21 12 26 13 24 16 23 26 14 24 16 13 22 15 24 12 22 16 
2 26 22 11 24 16 26 13 21 14 24 16 23 14 22 12 24 13 22 15 24 16 26 13 23 26 22 12 
2 5 25 15 21 13 11 
2 25 23 26 15 24 13 25 15 21 11 24 14 24 16 24 15 25 13 26 12 23 13 25 14 22 15 
2 27 23 26 11 25 16 22 23 13 25 21 14 23 12 24 15 26 12 24 16 22 13 15 14 22 16 24 15 
2 28 22 11 21 15 24 12 23 14 22 16 26 14 23 16 12 25 16 14 26 24 13 22 15 26 25 12 24 16 
2 31 23 26 12 15 22 23 14 25 16 23 11 26 15 25 22 13 24 14 25 12 26 15 22 13 21 16 23 14 25 22 15 
2 2 26 15 
2 9 23 25 15 21 11 24 13 25 11 
2 24 23 25 13 24 15 23 14 21 11 22 15 12 25 15 24 16 26 16 13 23 12 24 15 16 
2 30 23 24 14 21 12 15 26 12 23 16 26 22 12 26 23 15 24 14 25 12 26 16 15 13 22 16 23 14 15 16 
1 19 14 24 16 26 12 15 24 16 22 11 26 24 14 13 22 15 16 22 14 
2 8 22 14 26 13 24 12 25 17 
2 32 21 13 16 25 12 15 24 12 26 13 25 12 22 12 24 16 22 11 26 25 23 12 24 15 26 16 14 16 15 25 26 22 
1 34 13 12 26 16 21 13 22 11 25 14 22 15 23 13 25 16 22 12 26 12 23 15 24 13 15 16 25 14 26 15 22 16 25 12 
2 14 23 25 11 24 14 26 14 21 16 25 15 22 16 13 
2 14 26 12 15 21 13 22 14 25 16 23 12 26 15 22 
1 34 11 21 13 24 14 25 13 22 14 23 15 24 22 16 23 13 24 12 23 14 26 16 25 13 24 15 22 14 15 26 23 16 24 12 
2 32 22 15 23 16 26 11 24 12 21 15 25 12 23 14 24 23 15 16 25 22 13 26 15 16 25 14 23 13 25 12 24 15 
2 6 26 15 25 13 21 13 
2 17 24 11 23 24 15 26 12 21 13 24 14 24 16 23 15 24 16 
1 30 16 26 14 22 25 16 13 26 15 23 16 25 14 24 12 21 11 23 14 22 15 24 23 13 14 25 16 15 12 26 
2 4 21 12 24 14 
2 29 24 12 26 13 25 16 23 15 21 11 25 16 13 23 14 24 12 22 13 26 13 23 14 12 24 15 25 12 26 
1 37 12 21 14 26 12 24 12 23 15 24 11 23 16 24 13 23 15 22 14 12 25 16 26 12 23 13 22 14 24 15 23 13 26 22 16 25 12 
2 25 23 24 15 25 13 22 23 14 21 16 22 15 11 24 14 25 13 26 13 23 12 25 16 26 15 
