30010
20001
20013
30009
30005
30014
30005
30003
30005
30018
30013
30024
30023
30005
30005
30014
30010
20001
20009
30024
20000
30014
30006
30024
30006
30022
20000
30009
30015
30006
30021
30001
30005
30013
20001
30005
30000
20003
30009
30016
30026
20006
30001
30022
30001
30006
20000
15020
30016
20020
30007
20014
30007
30015
20001
30021
30004
20001
30010
30008
20013
20005
30007
20017
20003
30019
20005
20006
30001
30007
30026
30007
20000
30011
30009
30024
30019
30006
20007
30006
20006
30018
30006
30004
20003
30013
30019
30006
30011
30006
30013
30012
30013
30005
20000
20000
20018
30005
20007
30009
30010
30007
30013
30009
30018
20000
30005
30015
20008
20000
30023
20000
30011
20004
30004
20005
30023
30006
30023
20000
30007
30006
30015
30017
30006
20000
20004
30012
30011
20002
30022
30008
30019
30008
30010
30009
30008
30019
30021
20000
30006
20000
20000
20002
30005
30004
30018
30000
20019
20016
30005
30017
20006
20001
20007
30009
30017
30017
20005
30025
30001
30011
30015
20004
30005
20006
30017
30004
30012
30008
30013
30010
30014
30003
20000
30009
30006
20000
30010
30020
30006
20007
30006
30028
20009
20001
20000
30004
20000
30007
30011
30015
20009
30027
30008
30008
30012
20009
20003
20005
20002
30009
30006
30011
30006
20001
30005
30022
30012
30011
30000
30008
20011
30016
30007
20016
30024
30014
30005
30006
30012
20004
20004
20015
30008
30017
30018
30016
30011
30002
30007
30016
30005
30020
30009
30020
30015
20000
30020
30019
30019
30006
30008
30004
30013
30020
30011
30009
30011
30011
20000
30022
30020
30008
30007
30027
30025
30006
30014
30004
30019
20008
30002
30006
30005
30012
20000
20008
30007
20005
30028
20001
20004
30014
30018
30003
20002
30000
30020
20015
30010
30004
20001
30010
30027
20014
20005
20000
30019
30016
30006
20018
20000
30020
30016
30004
30019
30013
30004
30013
30010
20000
30009
30005
30006
30014
30018
30023
30026
30015
30008
30006
30011
30023
30021
30007
30004
20013
30012
30036
30018
20008
30005
20006
30004
30006
30021
30016
30012
30005
30019
30009
30003
30013
30006
20001
30003
30017
20012
20007
30016
20003
30004
30006
30006
20010
30006
20006
30022
20001
20000
30006
30007
30005
30001
30006
30006
30018
30013
30007
30022
20018
20016
30014
30018
20003
30021
30018
30020
20004
30005
30005
30023
30019
30038
30006
20017
30021
20007
20003
30019
30006
20000
30017
20014
30017
30025
30025
30010
30010
20000
20003
20001
30003
30005
20004
30003
30015
30011
30016
30009
30022
20001
30017
20006
30005
30012
30025
20018
20001
20000
30004
20018
30021
30005
30017
30018
20005
20006
30006
30015
30026
20014
30000
30008
30010
30008
30014
30007
30004
30021
30007
30006
20003
30004
30007
20006
20002
30011
30006
30007
30008
30018
30011
30007
20000
30007
30023
30019
30027
20002
30016
30015
30018
30027
30010
15000
30011
20003
30020
30005
20005
30025
30009
20014
30005
30009
30033
30005
30014
20002
20005
30012
20016
20001
20003
30006
30005
30010
20005
30005
30014
30024
20006
30009
30007
30023
20002
30005
30010
30017
30011
20001
30026
30021
30007
30007
30012
20004
30020
30006
20005
30016
30019
30023
30010
30014
30014
20000
30016
20004
20005
30006
30006
30007
30004
30006
30019
20005
30004
30008
30013
30004
30004
30023
30017
30018
30005
20006
30006
30004
20013
30009
30007
20000
30004
30007
30014
30006
30018
20013
30015
20003
30027
30022
30004
30016
30013
30006
30007
30016
30006
20028
20004
30015
30011
20001
30004
30021
30022
20001
30007
20001
30006
30017
30006
20007
20003
30005
30015
30008
30011
20004
30029
30008
30016
20004
20005
30015
30005
20006
30012
20000
20005
30023
30019
30006
30010
30013
30010
30003
20007
30005
30022
30011
30017
30006
30017
30005
30011
30024
20006
30019
30010
30005
30011
30019
30022
30023
30013
30012
20001
30006
30008
30012
30006
30007
20000
30006
20009
30006
30006
30006
30023
20003
20002
30020
30017
20008
20000
20007
30015
30021
30020
30023
30015
30032
20007
30012
20013
20000
20013
30005
30010
30008
30008
30007
30007
30021
30008
30022
20000
30006
30017
20007
30020
30007
30015
20013
30008
20002
20001
30006
30017
30023
20009
30005
20003
30007
20003
30015
30013
30019
20000
30008
30006
30007
30009
30014
30032
30011
30007
30001
30006
30010
30003
30012
20002
20011
20007
30002
20008
30004
30008
20000
30008
30020
20000
30009
20005
30011
30009
20017
30015
20012
30015
30011
20000
30021
30024
30006
30025
20001
30005
20007
30010
30018
30022
30019
30006
30005
30013
30020
30008
20010
20007
20002
30020
30012
20004
30016
20007
30005
30010
20007
30012
30018
30006
30013
20018
20007
20007
20006
30013
20000
30000
30020
30031
30006
30016
30020
30006
30009
30014
30006
30022
30019
30025
30004
30006
20014
30024
20000
30006
30005
30011
20009
30015
30023
20016
20003
20004
20002
30000
30012
30006
20001
30004
30006
30020
20011
30014
30022
30005
20013
30006
30014
30004
30018
30007
30011
30022
30019
20016
30013
30012
20002
30028
30006
20009
30007
30011
30010
30006
30022
30006
30005
30014
30009
20014
30012
20004
30006
30005
30011
30014
30012
30019
30005
30019
20003
30021
30017
30009
20021
20009
30016
30013
30017
20003
30020
30004
30010
20008
30005
20000
30019
30005
30019
30003
30018
20003
20008
20004
30005
30017
20016
20002
30005
20003
30011
20005
30007
30020
30014
30005
30005
20004
20001
30009
30021
30003
30001
30004
30015
30004
30006
20020
30011
20022
30004
30022
30008
20003
20008
30019
20003
30011
20009
30016
20003
30007
20003
30021
20018
30011
15030
20006
30000
30011
20008
30020
30012
30019
20010
30003
20014
20014
30008
30010
20003
30016
30004
30003
20011
30007
20004
30016
30025
30013
30007
30015
30020
30013
20007
30012
30006
30006
30018
30005
30022
30005
20009
30007
30006
20011
30024
30014
30009
20016
20003
30028
30007
30023
30009
30008
30006
14984
30008
30017
30016
30007
30016
30017
30026
30007
20000
20007
30028
30008
20007
30006
20001
30023
20000
20001
30013
30023
30019
30006
30015
30014
20006
20002
30007
30027
30008
20001
30015
30012
30004
30019
30005
20000
30007
30007
20001
30008
30010
30017
30011
20001
30008
30015
30022
30013
20003
30019
30029
20009
20011
30027
30006
30005
30008
30022
20001
30012
30014
30020
